482785.900000 4216659.100000 0
483396.700000 4216956.200000 0
483693.200000 4216953.100000 1
483694.100000 4216953.100000 1
483075.900000 4216841.300000 2
482577.400000 4216590.500000 2
484140.000000 4213473.400000 3
484159.700000 4213706.600000 3
484164.200000 4213754.400000 3
484174.100000 4213854.300000 3
484150.400000 4213876.400000 3
483903.100000 4213895.900000 3
483611.900000 4213926.500000 3
483452.400000 4213944.600000 3
483452.400000 4213951.400000 3
483286.700000 4213972.900000 3
483050.800000 4214001.300000 3
483022.700000 4214005.600000 3
483004.400000 4214012.400000 3
482998.100000 4213982.400000 3
482997.200000 4213945.500000 3
482913.800000 4213930.100000 3
482705.100000 4213936.000000 3
482426.500000 4215323.200000 4
482521.600000 4215507.100000 4
482645.700000 4215740.900000 4
482756.600000 4215906.200000 4
482932.300000 4216059.900000 4
483031.600000 4216202.700000 4
483116.000000 4216318.100000 4
483152.000000 4216359.100000 4
483161.700000 4216367.900000 4
483192.400000 4216315.800000 4
483172.000000 4216218.100000 4
483151.500000 4216116.100000 4
483101.000000 4215844.500000 4
483113.500000 4215494.000000 4
483133.400000 4215356.400000 4
483158.700000 4215281.900000 4
483389.500000 4215344.500000 4
483647.300000 4215399.400000 4
483760.300000 4215361.500000 4
483793.600000 4215348.300000 4
483796.200000 4215347.000000 4
483797.800000 4215275.100000 4
483754.300000 4215008.900000 4
483630.900000 4214711.600000 4
483578.800000 4214516.600000 4
483524.100000 4214327.100000 4
483451.900000 4214202.800000 4
483379.400000 4213914.300000 4
483388.900000 4213846.600000 4
483349.000000 4213621.500000 4
483317.400000 4213538.600000 5
483386.000000 4213651.400000 5
483401.900000 4213712.400000 5
483389.900000 4213833.400000 5
483393.900000 4214074.300000 5
483329.500000 4214289.800000 5
483315.700000 4214441.800000 5
483230.900000 4214622.700000 5
483243.600000 4214861.400000 5
483157.500000 4215193.400000 5
483152.300000 4215209.100000 5
483032.300000 4215250.400000 5
482679.700000 4215233.300000 5
482499.800000 4216520.400000 6
483000.000000 4216772.500000 6
484733.900000 4216802.900000 7
484579.300000 4216637.700000 7
484507.200000 4216553.700000 7
484505.500000 4216546.000000 7
484494.100000 4216510.500000 7
484443.700000 4216310.800000 7
484427.800000 4216236.400000 7
484427.000000 4216235.100000 7
484373.100000 4216055.300000 7
484516.900000 4215999.600000 7
484400.100000 4215875.400000 7
484404.000000 4215668.800000 7
484408.000000 4215488.100000 7
484419.000000 4215281.500000 7
484440.500000 4215044.000000 7
484472.700000 4214947.400000 7
484520.600000 4214788.600000 7
484522.200000 4214719.600000 7
484350.100000 4214674.700000 7
484366.600000 4214538.400000 7
484340.800000 4214369.900000 7
484220.500000 4214231.300000 7
484156.400000 4214212.400000 7
484138.600000 4214102.400000 7
484165.500000 4213945.800000 7
484167.100000 4213881.400000 7
484164.300000 4213813.700000 7
484141.100000 4213583.900000 7
483504.800000 4213457.800000 8
483488.100000 4213495.500000 8
483568.200000 4213634.100000 8
483594.400000 4213621.800000 8
483734.700000 4213584.700000 8
483969.200000 4213736.200000 8
484124.600000 4213771.500000 8
484139.300000 4213698.200000 8
482483.500000 4215460.200000 9
482615.500000 4215700.800000 9
482755.400000 4215924.800000 9
483004.000000 4216110.500000 9
483164.600000 4216191.000000 9
483164.600000 4216192.300000 9
483174.300000 4216194.400000 9
483246.800000 4216492.600000 9
483468.300000 4216801.600000 9
483723.600000 4216814.200000 9
483915.400000 4216758.400000 9
484018.900000 4216713.700000 9
484285.100000 4216563.400000 9
484417.400000 4216483.100000 9
484435.000000 4216477.600000 9
484438.500000 4216479.700000 9
484514.900000 4216567.200000 9
484805.700000 4216884.900000 9
484817.600000 4216902.300000 10
484539.900000 4216603.100000 10
484449.200000 4216393.800000 10
484421.700000 4216255.000000 10
484372.200000 4216073.100000 10
484508.000000 4216012.700000 10
484401.700000 4215884.300000 10
484404.000000 4215646.800000 10
484408.000000 4215471.600000 10
484428.500000 4215198.500000 10
484431.700000 4214994.500000 10
484405.100000 4214830.300000 10
484453.900000 4214653.700000 10
484419.500000 4214466.300000 10
484201.600000 4214233.500000 10
484132.900000 4214129.500000 10
484161.500000 4213942.000000 10
484160.500000 4213851.000000 10
484135.100000 4213439.200000 10
484157.200000 4213696.100000 11
484169.100000 4213966.900000 11
484131.800000 4214126.600000 11
484091.700000 4214283.200000 11
484024.700000 4214535.200000 11
484016.900000 4214585.200000 11
483955.400000 4214959.000000 11
483967.000000 4215082.200000 11
484010.100000 4215146.400000 11
484054.900000 4215215.300000 11
484128.700000 4215322.700000 11
484047.200000 4215394.800000 11
484050.800000 4215416.800000 11
484214.100000 4215554.000000 11
484421.100000 4215598.900000 11
484530.300000 4215856.100000 11
484522.800000 4216063.500000 11
484506.300000 4216141.400000 11
484513.300000 4216170.200000 11
484563.600000 4216330.900000 11
484640.900000 4216423.000000 11
484746.900000 4216383.900000 11
484777.500000 4216280.600000 11
484777.500000 4216306.000000 11
484622.600000 4216462.900000 11
484498.300000 4216514.300000 11
484499.100000 4216515.600000 11
484477.100000 4216482.200000 11
484434.700000 4216303.600000 11
484362.000000 4216338.100000 11
484119.400000 4216487.100000 11
484085.900000 4216380.500000 11
484004.300000 4216351.900000 11
483919.200000 4216374.000000 11
483966.000000 4216562.700000 11
484172.800000 4213817.900000 12
484175.600000 4213875.500000 12
483948.500000 4213908.100000 12
483577.500000 4213946.500000 12
483393.400000 4213968.900000 12
483389.900000 4213971.000000 12
483242.500000 4213985.700000 12
482994.300000 4214010.700000 12
482991.500000 4213939.600000 12
482989.800000 4213926.500000 12
482771.500000 4213933.700000 12
482691.400000 4213789.600000 12
482687.600000 4213656.300000 12
482683.600000 4213433.200000 12
482780.200000 4213452.900000 12
482798.100000 4213606.900000 12
482807.100000 4213744.500000 12
482815.200000 4213895.600000 12
482681.100000 4213913.600000 12
482465.200000 4215409.900000 13
482587.600000 4215644.900000 13
482665.000000 4215789.100000 13
482826.800000 4215988.600000 13
483020.000000 4216182.400000 13
483118.500000 4216315.600000 13
483108.100000 4216404.500000 13
483109.800000 4216408.700000 13
483074.700000 4216426.500000 13
483172.000000 4216411.900000 13
483177.200000 4216416.200000 13
483221.200000 4216470.300000 13
483345.100000 4216648.600000 13
483605.000000 4216824.600000 13
483758.500000 4216796.400000 13
483879.500000 4216763.900000 13
483958.300000 4216729.500000 13
484038.900000 4216697.200000 13
484240.300000 4216533.800000 13
484150.500000 4216382.100000 13
484267.900000 4216303.100000 13
484402.800000 4216240.600000 13
484357.800000 4216065.500000 13
484445.300000 4216031.000000 13
484470.700000 4216022.100000 13
484392.400000 4215901.200000 13
484388.400000 4215662.500000 13
484210.400000 4215605.300000 13
484040.800000 4215460.400000 13
483936.100000 4215295.100000 13
483937.600000 4215195.200000 13
483988.400000 4214713.500000 13
484054.300000 4214403.900000 13
484066.400000 4214347.200000 13
484069.100000 4214334.900000 13
484083.900000 4214286.200000 13
484083.900000 4214282.000000 13
484097.000000 4214229.900000 13
484099.600000 4214201.100000 13
484155.200000 4213895.800000 13
484139.100000 4213705.000000 13
483313.700000 4213537.700000 14
483361.200000 4213609.600000 14
483401.700000 4213703.900000 14
483371.600000 4214013.400000 14
483302.700000 4214211.200000 14
483290.100000 4214511.700000 14
483208.200000 4214790.400000 14
483202.600000 4215073.100000 14
483133.700000 4215265.400000 14
482856.500000 4215244.000000 14
482467.900000 4215225.700000 14
482609.100000 4216574.400000 15
483137.500000 4216838.700000 15
484816.700000 4216882.400000 16
484518.900000 4216562.100000 16
484508.400000 4216545.600000 16
484447.400000 4216345.100000 16
484425.300000 4216233.000000 16
484424.500000 4216233.000000 16
484396.200000 4216126.400000 16
484377.600000 4216047.700000 16
484513.500000 4216000.900000 16
484392.200000 4215876.700000 16
484396.100000 4215661.200000 16
484407.100000 4215451.700000 16
484431.200000 4215160.000000 16
484447.500000 4214980.100000 16
484508.600000 4214828.000000 16
484532.300000 4214759.000000 16
484437.500000 4214702.400000 16
484343.500000 4214639.600000 16
484387.800000 4214445.200000 16
484303.400000 4214322.200000 16
484218.100000 4214233.500000 16
484146.100000 4214209.100000 16
484155.500000 4214013.900000 16
484160.300000 4213848.400000 16
484130.800000 4213542.000000 16
483340.900000 4213565.600000 17
483382.500000 4213814.000000 17
483366.000000 4213932.500000 17
483408.500000 4214073.400000 17
483568.000000 4214446.800000 17
483726.700000 4214843.500000 17
483747.400000 4215102.100000 17
483787.100000 4215194.300000 17
483826.700000 4215272.900000 17
483829.400000 4215280.500000 17
483884.800000 4215371.400000 17
483956.000000 4215433.500000 17
483997.200000 4215490.100000 17
484121.100000 4215637.600000 17
484320.800000 4215965.700000 17
484432.000000 4216326.100000 17
484536.900000 4216581.100000 17
484776.700000 4216839.300000 17
484672.900000 4216733.200000 18
484474.200000 4216444.900000 18
484396.800000 4216265.200000 18
484383.800000 4216273.300000 18
484311.100000 4216328.800000 18
484396.000000 4216223.300000 18
484393.200000 4216117.900000 18
484464.000000 4216016.600000 18
484469.200000 4216013.200000 18
484440.900000 4215903.200000 18
484406.400000 4215711.100000 18
484297.500000 4215586.900000 18
484155.400000 4215547.400000 18
484038.600000 4215421.100000 18
483984.900000 4215313.700000 18
483936.600000 4215258.300000 18
483968.700000 4215097.400000 18
483965.200000 4215096.100000 18
483954.300000 4214933.200000 18
483988.000000 4214703.300000 18
483988.000000 4214696.500000 18
484039.200000 4214461.100000 18
484101.000000 4214222.300000 18
484110.600000 4214193.500000 18
484153.300000 4214031.300000 18
484163.600000 4213871.700000 18
484153.700000 4213779.400000 18
484133.800000 4213459.900000 18
484141.200000 4213454.800000 19
484159.200000 4213691.000000 19
484159.300000 4213727.800000 19
484169.200000 4213858.600000 19
484119.700000 4214137.200000 19
484075.400000 4214315.900000 19
484020.600000 4214530.100000 19
483992.800000 4214686.800000 19
483958.500000 4215080.900000 19
483976.100000 4215100.800000 19
484041.200000 4215195.000000 19
484131.700000 4215330.300000 19
484044.200000 4215405.000000 19
484044.300000 4215409.200000 19
484155.900000 4215544.400000 19
484390.100000 4215579.500000 19
484488.700000 4215771.500000 19
484556.600000 4215976.700000 19
484505.300000 4216146.500000 19
484515.900000 4216186.200000 19
484559.100000 4216330.500000 19
484634.700000 4216424.700000 19
484767.000000 4216320.400000 19
484777.500000 4216282.700000 19
484778.300000 4216295.800000 19
484649.700000 4216449.300000 19
484498.100000 4216512.600000 19
484497.300000 4216514.700000 19
484480.500000 4216488.100000 19
484422.200000 4216260.900000 19
484350.400000 4216332.200000 19
484112.200000 4216492.200000 19
484067.300000 4216364.900000 19
483997.300000 4216354.000000 19
483920.300000 4216423.100000 19
483967.100000 4216596.200000 19
483997.100000 4216699.400000 19
484038.500000 4216832.600000 19
484188.400000 4216798.900000 19
484233.000000 4216768.800000 19
484297.000000 4216731.800000 19
484375.100000 4216757.100000 19
484472.300000 4216670.500000 19
484546.800000 4216621.700000 19
484810.400000 4216898.500000 19
484924.400000 4216983.800000 20
484568.700000 4216625.100000 20
484516.900000 4216562.100000 20
484449.000000 4216360.300000 20
484396.900000 4216125.100000 20
484437.800000 4216041.600000 20
484498.200000 4215963.600000 20
484406.800000 4215815.300000 20
484349.400000 4215597.000000 20
484160.000000 4215584.200000 20
484019.400000 4215432.500000 20
483928.800000 4215282.900000 20
483958.100000 4215044.100000 20
484024.700000 4214569.100000 20
484138.000000 4214154.100000 20
484169.200000 4213958.900000 20
483966.600000 4213943.600000 20
483692.100000 4213959.800000 20
483416.800000 4213978.100000 20
483408.100000 4213976.000000 20
483372.000000 4213919.400000 20
483397.200000 4213797.400000 20
483329.300000 4213620.200000 20
483325.700000 4213572.400000 20
483362.500000 4213568.900000 20
483434.400000 4213557.800000 20
483509.900000 4213607.600000 20
483686.200000 4213592.800000 20
483910.100000 4213684.700000 20
484024.400000 4213798.700000 20
484117.400000 4213785.400000 20
484126.900000 4213707.500000 20
483295.200000 4213470.500000 21
483362.000000 4213611.300000 21
483394.800000 4213737.800000 21
483366.200000 4213932.100000 21
483370.600000 4213975.300000 21
483505.400000 4214251.400000 21
483603.400000 4214597.400000 21
483756.700000 4214983.100000 21
483830.100000 4215278.000000 21
483859.100000 4215316.900000 21
483995.300000 4215460.900000 21
484112.200000 4215608.400000 21
484302.100000 4215884.400000 21
484434.200000 4216264.700000 21
484518.100000 4216541.800000 21
484824.700000 4216876.400000 21
484693.200000 4216761.100000 22
484509.500000 4216549.400000 22
484489.200000 4216508.400000 22
484482.200000 4216500.800000 22
484443.300000 4216368.800000 22
484380.100000 4216269.000000 22
484385.300000 4216279.200000 22
484345.100000 4216355.900000 22
484286.300000 4216304.800000 22
484403.800000 4216235.600000 22
484419.500000 4216236.800000 22
484384.100000 4216081.500000 22
484469.100000 4216018.300000 22
484518.200000 4215975.900000 22
484399.500000 4215840.700000 22
484384.200000 4215606.600000 22
484231.600000 4215589.100000 22
484053.300000 4215440.900000 22
484023.500000 4215410.900000 22
483949.700000 4215296.800000 22
483932.100000 4215273.500000 22
483934.600000 4215187.200000 22
483948.300000 4215016.200000 22
483948.300000 4215016.200000 22
483941.100000 4214905.300000 22
483980.200000 4214712.200000 22
483980.200000 4214710.100000 22
484020.100000 4214533.500000 22
484103.600000 4214183.700000 22
484156.600000 4213925.000000 22
484155.700000 4213880.600000 22
484114.600000 4213493.400000 22
484122.800000 4213540.800000 23
484148.700000 4213808.200000 23
484123.800000 4214075.800000 23
484105.500000 4214147.800000 23
484060.200000 4214336.600000 23
483975.800000 4214706.300000 23
483944.900000 4215086.000000 23
483965.300000 4215125.800000 23
484024.100000 4215209.900000 23
484115.500000 4215343.000000 23
484027.100000 4215425.300000 23
484043.800000 4215455.300000 23
484224.700000 4215589.200000 23
484398.400000 4215607.900000 23
484494.300000 4215810.900000 23
484549.800000 4216010.500000 23
484504.500000 4216158.300000 23
484512.500000 4216237.000000 23
484566.300000 4216394.400000 23
484649.600000 4216431.900000 23
484765.900000 4216284.000000 23
484779.100000 4216244.200000 23
484777.400000 4216274.200000 23
484719.900000 4216427.500000 23
484521.000000 4216505.800000 23
484517.500000 4216509.200000 23
484493.800000 4216518.100000 23
484454.100000 4216418.300000 23
484383.800000 4216283.000000 23
484271.800000 4216394.100000 23
484108.800000 4216465.500000 23
484062.100000 4216339.100000 23
483972.700000 4216361.200000 23
483944.000000 4216502.200000 23
483993.600000 4216700.700000 23
483991.900000 4216700.700000 23
484028.100000 4216825.000000 23
484239.700000 4216925.800000 23
484521.100000 4216899.900000 23
484747.300000 4216863.900000 24
484763.000000 4216851.600000 24
484869.200000 4216949.100000 24
484747.500000 4216826.200000 25
484462.600000 4216420.800000 25
484424.700000 4216234.700000 25
484380.500000 4216046.000000 25
484528.500000 4215974.600000 25
484411.700000 4215846.100000 25
484406.900000 4215612.100000 25
484242.000000 4215592.500000 25
484097.900000 4215476.400000 25
483983.500000 4215323.400000 25
483938.700000 4215255.800000 25
483928.200000 4215252.400000 25
483956.700000 4215010.700000 25
484018.900000 4214578.000000 25
484105.000000 4214209.600000 25
484109.300000 4214207.400000 25
484165.900000 4213978.800000 25
484166.600000 4213904.300000 25
484160.200000 4213782.400000 25
484796.900000 4216862.900000 26
484520.100000 4216560.400000 26
484488.400000 4216500.400000 26
484378.900000 4216095.500000 26
484502.300000 4216007.700000 26
484390.700000 4215872.400000 26
484387.600000 4215638.400000 26
484253.400000 4215598.800000 26
484078.700000 4215488.300000 26
483963.500000 4215337.400000 26
483922.100000 4215208.800000 26
483955.500000 4214843.900000 26
484031.100000 4214478.900000 26
484089.300000 4214248.100000 26
484151.100000 4213992.800000 26
484150.900000 4213912.800000 26
484141.900000 4213721.900000 26
483327.200000 4213521.200000 27
483370.400000 4213592.200000 27
483366.900000 4213594.300000 27
483369.600000 4213606.600000 27
483406.600000 4213709.800000 27
483405.900000 4213775.400000 27
483382.300000 4213889.700000 27
483456.500000 4214166.800000 27
483607.400000 4214566.100000 27
483764.200000 4214944.200000 27
483791.900000 4215191.700000 27
483841.300000 4215282.600000 27
484025.000000 4215495.200000 27
484251.800000 4215771.100000 27
484427.100000 4216211.400000 27
484559.300000 4216612.800000 27
484874.700000 4216937.300000 27
484072.600000 4216927.400000 28
484104.000000 4216819.800000 28
484194.300000 4216793.000000 28
484226.700000 4216771.700000 28
484227.500000 4216771.700000 28
484278.400000 4216805.900000 28
484375.600000 4216757.100000 28
484465.800000 4216671.400000 28
484535.700000 4216608.200000 28
484634.800000 4216653.300000 28
484650.300000 4216536.900000 28
484662.400000 4216445.900000 28
484775.200000 4216320.400000 28
484777.800000 4216308.100000 28
484782.200000 4216308.100000 28
484797.800000 4216272.500000 28
484763.900000 4216385.600000 28
484579.100000 4216480.300000 28
484527.500000 4216503.700000 28
484510.800000 4216513.900000 28
484488.900000 4216501.600000 28
484457.100000 4216412.800000 28
484401.600000 4216258.800000 28
484393.400000 4216262.200000 28
484360.300000 4216333.400000 28
484286.700000 4216308.200000 28
484370.700000 4216242.400000 28
484393.200000 4216142.500000 28
484407.900000 4216044.700000 28
484454.400000 4216024.700000 28
484468.300000 4215941.300000 28
484403.200000 4215838.100000 28
484402.800000 4215670.500000 28
484276.500000 4215617.400000 28
484098.300000 4215511.100000 28
484027.100000 4215443.500000 28
484020.900000 4215424.500000 28
483926.800000 4215285.000000 28
483955.300000 4215095.300000 28
483975.800000 4214763.400000 28
484062.700000 4214378.100000 28
484097.500000 4214231.600000 28
484141.000000 4214074.100000 28
484149.500000 4213950.900000 28
484144.800000 4213763.400000 28
484144.000000 4213608.500000 29
484137.800000 4214044.400000 29
484067.300000 4214335.300000 29
483981.200000 4214712.600000 29
483967.900000 4215106.700000 29
484052.300000 4215233.100000 29
484131.400000 4215346.000000 29
484112.200000 4215363.800000 29
484058.000000 4215439.200000 29
484234.600000 4215570.900000 29
484412.600000 4215600.600000 29
484472.500000 4215732.600000 29
484549.200000 4215917.800000 29
484527.500000 4216055.400000 29
484509.300000 4216135.500000 29
484509.300000 4216141.000000 29
484547.200000 4216315.300000 29
484613.200000 4216439.600000 29
484724.500000 4216405.900000 29
484770.800000 4216284.000000 29
484770.800000 4216282.700000 29
484780.400000 4216262.800000 29
484776.200000 4216322.900000 29
484771.900000 4216342.800000 29
484640.600000 4216434.000000 29
484525.000000 4216485.500000 29
484526.700000 4216492.200000 29
484514.500000 4216503.300000 29
484514.500000 4216507.500000 29
484489.900000 4216494.400000 29
484463.500000 4216416.600000 29
484395.600000 4216253.800000 29
484291.500000 4216369.500000 29
484108.400000 4216476.500000 29
484075.800000 4216391.100000 29
484072.200000 4216385.600000 29
484002.900000 4216348.100000 29
483967.000000 4216357.000000 29
483940.000000 4216490.400000 29
483991.200000 4216670.200000 29
484031.500000 4216698.000000 29
484191.800000 4216637.600000 29
484234.100000 4216705.300000 29
484235.800000 4216745.100000 29
484235.800000 4216752.700000 29
484148.300000 4216795.200000 29
484056.300000 4216865.200000 29
484767.200000 4216816.400000 30
484502.800000 4216509.600000 30
484424.100000 4216204.600000 30
484461.300000 4216001.400000 30
484434.900000 4215880.400000 30
484409.200000 4215738.200000 30
484354.500000 4215584.300000 30
484178.200000 4215570.200000 30
484070.100000 4215451.900000 30
483973.300000 4215317.900000 30
483924.000000 4215262.600000 30
483951.700000 4215037.300000 30
483947.000000 4214879.900000 30
484053.200000 4214399.300000 30
484112.400000 4214170.600000 30
484154.300000 4213993.200000 30
484138.900000 4213757.900000 30
483324.000000 4213475.100000 31
483318.800000 4213481.800000 31
483363.600000 4213574.000000 31
483404.100000 4213663.700000 31
483402.700000 4213788.100000 31
483395.800000 4213842.300000 31
483391.800000 4214017.500000 31
483524.800000 4214288.200000 31
483629.900000 4214649.800000 31
483771.000000 4215011.400000 31
483820.700000 4215254.300000 31
483929.700000 4215425.900000 31
484099.300000 4215597.400000 31
484314.800000 4215881.000000 31
484459.400000 4216316.700000 31
484703.100000 4216743.300000 31
484106.000000 4216975.100000 32
484074.900000 4216827.500000 32
484229.200000 4216769.600000 32
484258.900000 4216769.600000 32
484338.800000 4216797.300000 32
484456.900000 4216680.700000 32
484535.700000 4216611.600000 32
484557.600000 4216601.400000 32
484662.900000 4216623.200000 32
484611.800000 4216476.800000 32
484728.200000 4216411.000000 32
484780.700000 4216298.800000 32
484782.300000 4216298.800000 32
484794.500000 4216268.700000 32
484791.800000 4216281.800000 32
484761.300000 4216407.200000 32
484541.400000 4216499.800000 32
484510.600000 4216512.200000 32
484507.100000 4216512.200000 32
484481.600000 4216475.400000 32
484419.800000 4216247.000000 32
484407.600000 4216257.100000 32
484383.300000 4216302.900000 32
484372.600000 4216234.300000 32
484419.100000 4216234.300000 32
484383.700000 4216093.400000 32
484428.300000 4216034.500000 32
484475.600000 4216011.100000 32
484434.200000 4215907.000000 32
484404.200000 4215762.800000 32
484346.000000 4215586.400000 32
484166.200000 4215577.800000 32
484050.200000 4215444.700000 32
484023.800000 4215411.400000 32
483944.700000 4215290.500000 32
483937.500000 4215199.500000 32
483968.400000 4214832.000000 32
484072.700000 4214370.000000 32
484107.600000 4214237.900000 32
484107.500000 4214234.500000 32
484162.300000 4213997.000000 32
484157.600000 4213813.700000 32
484133.400000 4213575.000000 32
484133.800000 4213449.800000 33
484156.300000 4213770.500000 33
484150.600000 4213995.700000 33
484112.200000 4214152.400000 33
484060.000000 4214367.900000 33
483980.800000 4214713.100000 33
483949.100000 4215057.200000 33
484048.400000 4215217.900000 33
484129.200000 4215337.500000 33
484107.400000 4215362.100000 33
484105.000000 4215489.500000 33
484297.100000 4215559.000000 33
484449.900000 4215679.700000 33
484544.900000 4215902.600000 33
484526.000000 4216075.800000 33
484512.900000 4216132.500000 33
484512.900000 4216136.700000 33
484525.300000 4216225.600000 33
484553.600000 4216341.900000 33
484630.100000 4216442.900000 33
484759.700000 4216372.900000 33
484777.100000 4216290.700000 33
484798.900000 4216228.500000 33
484767.600000 4216388.100000 33
484546.900000 4216490.500000 33
484522.300000 4216502.800000 33
484496.900000 4216509.700000 33
484488.200000 4216499.500000 33
484423.700000 4216260.900000 33
484368.600000 4216287.700000 33
484210.900000 4216414.500000 33
484088.200000 4216436.800000 33
484063.400000 4216324.700000 33
483997.700000 4216342.600000 33
483924.200000 4216363.900000 33
483944.700000 4216493.800000 33
483988.800000 4216656.600000 33
484001.100000 4216706.600000 33
484152.700000 4216635.200000 33
484231.700000 4216690.500000 33
484235.300000 4216745.900000 33
484206.400000 4216765.000000 33
484052.200000 4216809.700000 33
484088.400000 4216939.600000 33
484658.800000 4216707.000000 34
484513.000000 4216538.800000 34
484489.200000 4216497.800000 34
484475.100000 4216469.900000 34
484392.800000 4216108.200000 34
484441.800000 4216013.700000 34
484441.600000 4215898.100000 34
484402.600000 4215735.300000 34
484319.900000 4215575.900000 34
484145.400000 4215545.300000 34
484024.000000 4215388.900000 34
483929.000000 4215255.800000 34
483918.500000 4215251.600000 34
483953.200000 4215029.700000 34
483952.000000 4214861.300000 34
484031.100000 4214481.400000 34
484099.800000 4214208.300000 34
484154.500000 4213935.200000 34
484152.600000 4213808.600000 34
484128.400000 4213582.200000 34
483295.100000 4213414.600000 35
483356.000000 4213578.700000 35
483338.400000 4213609.600000 35
483324.100000 4213527.100000 36
483389.200000 4213644.700000 36
483394.000000 4213845.300000 36
483386.400000 4214008.200000 36
483412.000000 4214081.400000 36
483560.000000 4214378.700000 36
483671.300000 4214732.300000 36
483758.800000 4215108.400000 36
483885.600000 4215372.300000 36
484106.200000 4215596.200000 36
484326.900000 4215911.900000 36
484461.800000 4216332.400000 36
484676.400000 4216712.500000 36
484752.700000 4216823.700000 37
484546.300000 4216616.600000 37
484565.800000 4216775.300000 37
484581.100000 4216970.400000 37
484090.000000 4216944.300000 38
484077.600000 4216819.900000 38
484222.200000 4216770.900000 38
484231.800000 4216765.400000 38
484282.700000 4216802.100000 38
484388.700000 4216753.200000 38
484492.000000 4216649.800000 38
484565.500000 4216620.800000 38
484703.100000 4216601.500000 38
484605.600000 4216474.300000 38
484757.100000 4216379.600000 38
484778.000000 4216297.500000 38
484783.200000 4216287.300000 38
484791.000000 4216271.700000 38
484758.800000 4216403.800000 38
484526.700000 4216502.000000 38
484513.500000 4216508.800000 38
484485.300000 4216491.000000 38
484461.500000 4216419.100000 38
484411.100000 4216246.100000 38
484400.600000 4216259.300000 38
484310.100000 4216320.800000 38
484260.900000 4216296.400000 38
484402.700000 4216231.700000 38
484382.300000 4216119.600000 38
484443.500000 4216027.200000 38
484460.200000 4216017.000000 38
484488.300000 4216006.800000 38
484476.800000 4215935.700000 38
484411.800000 4215889.300000 38
484402.100000 4215890.600000 38
484399.400000 4215876.200000 38
484403.300000 4215664.200000 38
484305.900000 4215597.900000 38
484140.000000 4215544.000000 38
484027.600000 4215425.700000 38
484024.000000 4215405.800000 38
483963.300000 4215310.700000 38
483921.000000 4215265.500000 38
483951.100000 4214924.700000 38
484043.300000 4214466.200000 38
484099.900000 4214241.700000 38
484136.400000 4214097.300000 38
484165.000000 4213908.500000 38
484152.500000 4213760.000000 38
484157.200000 4213721.400000 39
484164.700000 4213945.800000 39
484121.300000 4214151.100000 39
484040.200000 4214463.200000 39
483962.800000 4214819.300000 39
484002.100000 4215155.300000 39
484088.300000 4215283.800000 39
484113.100000 4215370.100000 39
484081.500000 4215388.000000 39
484093.100000 4215484.400000 39
484281.700000 4215575.100000 39
484452.900000 4215672.500000 39
484534.800000 4215863.300000 39
484541.300000 4216013.100000 39
484517.000000 4216132.900000 39
484517.000000 4216135.000000 39
484523.200000 4216191.700000 39
484575.200000 4216350.400000 39
484670.000000 4216430.200000 39
484778.500000 4216317.800000 39
484784.700000 4216289.900000 39
484805.600000 4216231.000000 39
484770.800000 4216384.300000 39
484579.000000 4216474.400000 39
484544.900000 4216493.500000 39
484518.700000 4216505.800000 39
484517.800000 4216507.900000 39
484488.000000 4216497.800000 39
484451.000000 4216376.000000 39
484407.800000 4216249.500000 39
484403.500000 4216252.900000 39
484273.100000 4216383.900000 39
484111.100000 4216480.800000 39
484072.200000 4216352.200000 39
484000.200000 4216345.500000 39
483917.000000 4216365.600000 39
483956.000000 4216533.100000 39
484008.000000 4216706.100000 39
484080.700000 4216675.900000 39
484206.900000 4216660.000000 39
484238.700000 4216755.200000 39
484211.500000 4216776.400000 39
484045.000000 4216833.500000 39
484746.000000 4216801.200000 40
484579.900000 4216633.900000 40
484458.400000 4216384.400000 40
484394.800000 4216117.100000 40
484445.500000 4216021.700000 40
484435.600000 4215894.300000 40
484405.400000 4215705.600000 40
484330.600000 4215581.300000 40
484158.600000 4215559.700000 40
484025.800000 4215388.100000 40
483929.000000 4215252.800000 40
483954.000000 4215034.400000 40
483952.400000 4215034.400000 40
483976.400000 4214740.200000 40
484071.100000 4214327.300000 40
484091.200000 4214236.300000 40
484139.000000 4214045.300000 40
484150.800000 4213831.100000 40
484140.900000 4213731.200000 40
483275.700000 4213448.900000 41
483296.100000 4213514.500000 41
483304.000000 4213536.500000 41
483342.800000 4213606.200000 41
483355.500000 4213843.700000 41
483410.400000 4214120.800000 41
483537.200000 4214386.800000 41
483585.800000 4214569.900000 41
483707.400000 4214826.200000 41
483741.900000 4214990.300000 41
483805.400000 4215257.700000 41
483817.700000 4215284.400000 41
483986.500000 4215476.200000 41
484072.700000 4215591.600000 41
484296.900000 4215908.600000 41
484432.700000 4216329.000000 41
484527.800000 4216569.700000 41
484771.100000 4216830.000000 41
484825.600000 4216900.100000 42
484587.500000 4216645.300000 42
484483.700000 4216482.600000 42
484479.300000 4216459.300000 42
484407.000000 4216268.600000 42
484381.400000 4216277.100000 42
484314.000000 4216357.200000 42
484300.600000 4216276.400000 42
484419.800000 4216231.700000 42
484380.900000 4216094.200000 42
484461.400000 4216022.100000 42
484505.900000 4215961.900000 42
484403.100000 4215817.000000 42
484364.100000 4215591.900000 42
484188.600000 4215581.200000 42
484042.800000 4215437.100000 42
484015.400000 4215386.000000 42
483922.200000 4215241.800000 42
483955.000000 4215017.400000 42
483952.200000 4214954.400000 42
483952.200000 4214927.700000 42
483991.200000 4214709.200000 42
483996.400000 4214692.700000 42
484037.100000 4214492.900000 42
484090.300000 4214292.100000 42
484132.900000 4214135.400000 42
484162.400000 4213941.100000 42
484165.000000 4213914.400000 42
484147.800000 4213659.200000 42
484124.400000 4213445.500000 43
484158.500000 4213853.900000 43
484160.200000 4213880.600000 43
483978.800000 4213911.000000 43
483671.900000 4213939.500000 43
483336.800000 4213971.100000 43
483120.300000 4213996.100000 43
483005.300000 4214008.600000 43
482985.000000 4213974.400000 43
482990.100000 4213929.100000 43
482987.500000 4213929.100000 43
482942.700000 4213904.600000 43
482685.000000 4213930.500000 43
482445.600000 4213952.200000 43
482436.500000 4215395.100000 44
482558.100000 4215616.600000 44
482679.700000 4215845.000000 44
482872.900000 4216039.700000 44
483011.700000 4216191.300000 44
483119.000000 4216317.700000 44
483115.700000 4216409.900000 44
483115.700000 4216413.300000 44
483066.600000 4216455.800000 44
483096.700000 4216633.000000 44
483184.500000 4216689.600000 44
483342.200000 4216629.200000 44
483675.900000 4216893.900000 44
484792.100000 4216857.400000 45
484512.700000 4216551.500000 45
484499.400000 4216507.100000 45
484439.200000 4216252.000000 45
484449.300000 4216023.400000 45
484456.100000 4215902.400000 45
484416.400000 4215756.000000 45
484330.100000 4215586.400000 45
484138.000000 4215539.000000 45
483993.800000 4215359.300000 45
483931.300000 4215209.600000 45
483973.400000 4214770.200000 45
484076.100000 4214310.800000 45
484141.300000 4214066.400000 45
484148.700000 4213826.900000 45
484150.300000 4213750.200000 45
483300.100000 4213441.300000 46
483396.100000 4213671.700000 46
483390.200000 4213810.600000 46
483378.200000 4213896.900000 46
483496.400000 4214227.300000 46
483613.700000 4214569.900000 46
483754.700000 4214899.300000 46
483793.900000 4215195.500000 46
483954.000000 4215431.400000 46
484135.000000 4215615.100000 46
484369.000000 4215985.500000 46
484491.700000 4216420.400000 46
484772.100000 4216812.600000 46
484931.800000 4216987.500000 47
484720.200000 4216889.300000 47
484059.800000 4216897.300000 48
484172.700000 4216804.000000 48
484230.500000 4216770.500000 48
484236.700000 4216767.100000 48
484293.000000 4216818.200000 48
484353.400000 4216779.100000 48
484387.500000 4216741.400000 48
484440.100000 4216696.800000 48
484531.100000 4216613.300000 48
484568.700000 4216633.100000 48
484685.200000 4216604.100000 48
484601.700000 4216483.200000 48
484741.900000 4216407.600000 48
484773.300000 4216298.800000 48
484780.300000 4216298.800000 48
484791.700000 4216297.500000 48
484741.900000 4216424.100000 48
484517.700000 4216510.900000 48
484499.300000 4216514.300000 48
484479.000000 4216475.400000 48
484416.300000 4216248.200000 48
484360.500000 4216284.300000 48
484360.500000 4216291.100000 48
484306.300000 4216343.200000 48
484287.800000 4216273.400000 48
484404.200000 4216225.400000 48
484360.100000 4216057.900000 48
484446.000000 4216014.500000 48
484510.000000 4215987.700000 48
484388.700000 4215873.700000 48
484395.300000 4215679.400000 48
484306.500000 4215588.600000 48
484132.000000 4215553.400000 48
484017.700000 4215435.100000 48
483984.300000 4215366.100000 48
483915.700000 4215260.900000 48
483949.100000 4214907.000000 48
484036.000000 4214496.200000 48
484133.400000 4214121.000000 48
484161.300000 4213984.700000 48
484164.600000 4213913.600000 48
484147.400000 4213669.400000 48
483283.300000 4213497.200000 49
483349.300000 4213592.300000 49
483382.900000 4213750.900000 49
483364.700000 4213845.300000 49
483372.900000 4214028.600000 49
483501.400000 4214281.400000 49
483598.600000 4214625.400000 49
483740.500000 4214976.800000 49
483801.600000 4215253.900000 49
483864.800000 4215349.000000 49
483875.400000 4215368.000000 49
483976.500000 4215469.000000 49
483994.900000 4215496.900000 49
484028.300000 4215548.900000 49
484154.800000 4215680.700000 49
484307.900000 4215948.800000 49
484398.600000 4216172.900000 49
484433.100000 4216369.200000 49
484531.700000 4216587.500000 49
484797.900000 4216860.800000 49
484876.200000 4216936.000000 50
484562.500000 4216610.300000 50
484500.100000 4216529.500000 50
484478.100000 4216467.400000 50
484428.600000 4216260.900000 50
484390.900000 4216274.100000 50
484378.100000 4216274.100000 50
484353.600000 4216318.600000 50
484271.100000 4216285.300000 50
484406.900000 4216225.000000 50
484376.900000 4216096.400000 50
484406.500000 4216034.100000 50
484474.900000 4216008.600000 50
484438.800000 4215913.400000 50
484402.500000 4215751.300000 50
484321.600000 4215583.000000 50
484129.500000 4215532.200000 50
484016.200000 4215420.300000 50
483993.300000 4215352.600000 50
483936.100000 4215269.300000 50
483963.800000 4215064.000000 50
483963.800000 4215056.400000 50
483960.300000 4215056.400000 50
483955.600000 4214871.000000 50
483988.500000 4214708.800000 50
484014.600000 4214597.900000 50
484094.500000 4214242.600000 50
484100.700000 4214226.900000 50
484157.200000 4213970.300000 50
484159.700000 4213868.300000 50
484129.900000 4213445.500000 50
484136.400000 4213434.100000 51
484168.000000 4213812.400000 51
484170.900000 4213967.800000 51
484123.900000 4214137.600000 51
484113.500000 4214190.900000 51
484077.800000 4214328.600000 51
484020.300000 4214551.700000 51
483988.200000 4214711.400000 51
483958.100000 4215076.300000 51
483975.800000 4215113.900000 51
483975.800000 4215117.300000 51
484030.300000 4215202.700000 51
484129.600000 4215341.300000 51
484065.600000 4215392.600000 51
484040.300000 4215423.600000 51
484180.000000 4215563.000000 51
484397.500000 4215590.500000 51
484495.200000 4215792.200000 51
484537.800000 4216005.000000 51
484497.700000 4216150.300000 51
484518.100000 4216222.200000 51
484593.100000 4216413.000000 51
484638.800000 4216442.900000 51
484759.700000 4216350.400000 51
484786.800000 4216251.800000 51
484786.800000 4216277.200000 51
484649.500000 4216456.000000 51
484498.800000 4216515.100000 51
484497.900000 4216515.200000 51
484481.200000 4216497.400000 51
484478.500000 4216485.100000 51
484404.500000 4216252.100000 51
484286.300000 4216377.600000 51
484075.100000 4216387.700000 51
483999.600000 4216352.300000 51
483912.900000 4216393.500000 51
483968.500000 4216616.500000 51
484034.600000 4216834.800000 51
484205.500000 4216786.600000 51
484248.400000 4216764.500000 51
484316.100000 4216823.200000 51
484459.600000 4216679.900000 51
484578.000000 4216647.500000 51
484904.700000 4216969.800000 51
484588.200000 4216648.700000 52
484421.600000 4216205.000000 52
484478.200000 4216007.300000 52
484414.000000 4215884.200000 52
484399.600000 4215695.500000 52
484324.700000 4215582.600000 52
484151.100000 4215557.600000 52
484026.400000 4215410.100000 52
483932.200000 4215256.200000 52
483963.400000 4215031.800000 52
484019.600000 4214590.200000 52
484111.800000 4214198.500000 52
484160.500000 4213946.600000 52
484038.500000 4213905.800000 52
483776.200000 4213926.200000 52
483470.100000 4213955.600000 52
483436.900000 4213959.900000 52
483386.000000 4213967.600000 52
483394.500000 4213852.000000 52
483350.200000 4213618.900000 52
483339.600000 4213596.900000 52
483332.500000 4213568.200000 52
483332.500000 4213555.000000 52
483273.700000 4213426.900000 53
483330.200000 4213569.000000 53
483368.000000 4213638.800000 53
483369.100000 4213788.600000 53
483347.500000 4213926.200000 53
483433.900000 4214161.400000 53
483545.800000 4214409.600000 53
483593.600000 4214604.600000 53
483707.100000 4214822.000000 53
483773.500000 4215198.100000 53
483985.500000 4215460.500000 53
484052.200000 4215553.500000 53
484247.400000 4215805.000000 53
484414.800000 4216251.600000 53
484451.100000 4216422.500000 53
484560.200000 4216616.600000 53
484884.400000 4216944.500000 53
484950.300000 4216969.700000 54
484663.200000 4216700.700000 54
484486.500000 4216456.800000 54
484412.500000 4216242.700000 54
484404.600000 4216250.400000 54
484417.200000 4216250.300000 54
484332.200000 4216340.200000 54
484360.100000 4216240.300000 54
484426.600000 4216216.900000 54
484409.800000 4216149.200000 54
484419.300000 4216030.700000 54
484495.500000 4216002.600000 54
484400.600000 4215879.600000 54
484397.500000 4215652.300000 54
484263.200000 4215589.500000 54
484078.800000 4215471.300000 54
484020.900000 4215418.100000 54
483984.700000 4215343.700000 54
483918.800000 4215235.100000 54
483954.400000 4215057.600000 54
483954.400000 4215056.400000 54
483953.500000 4214994.200000 54
483988.000000 4214703.300000 54
484007.100000 4214636.800000 54
484088.900000 4214278.200000 54
484099.400000 4214240.500000 54
484155.200000 4214039.700000 54
484165.500000 4213912.300000 54
484169.000000 4213896.700000 54
484136.600000 4213490.800000 54
484151.200000 4213703.300000 55
484165.700000 4213948.300000 55
484123.100000 4214129.100000 55
484035.100000 4214461.100000 55
484014.100000 4214548.800000 55
483935.900000 4214913.800000 55
483968.700000 4215110.100000 55
484046.100000 4215222.100000 55
484127.900000 4215357.400000 55
484035.100000 4215420.600000 55
484139.700000 4215547.800000 55
484356.400000 4215583.000000 55
484486.500000 4215782.500000 55
484526.400000 4216018.600000 55
484495.100000 4216160.900000 55
484527.800000 4216287.400000 55
484597.300000 4216451.500000 55
484688.500000 4216443.700000 55
484765.300000 4216321.600000 55
484777.500000 4216296.200000 55
484774.900000 4216322.900000 55
484730.400000 4216428.400000 55
484518.300000 4216517.700000 55
484517.500000 4216515.500000 55
484495.600000 4216525.700000 55
484485.000000 4216502.500000 55
484395.100000 4216275.400000 55
484190.300000 4216466.600000 55
484089.400000 4216433.400000 55
484001.600000 4216369.200000 55
483917.600000 4216392.700000 55
483960.900000 4216587.700000 55
483991.900000 4216706.200000 55
483994.600000 4216720.600000 55
484094.800000 4216827.900000 55
484223.700000 4216783.200000 55
484242.900000 4216772.100000 55
484260.500000 4216791.100000 55
484354.300000 4216787.600000 55
484504.000000 4216649.700000 55
484561.100000 4216649.600000 55
484880.700000 4216967.300000 55
484640.800000 4216697.300000 56
484508.000000 4216541.000000 56
484493.900000 4216496.500000 56
484426.800000 4216196.100000 56
484263.800000 4215815.900000 56
484185.400000 4215686.200000 56
484102.800000 4215596.600000 56
484045.600000 4215523.500000 56
483906.900000 4215387.500000 56
483870.800000 4215332.100000 56
483769.400000 4215049.500000 56
483676.600000 4214722.500000 56
483646.700000 4214665.000000 56
483628.200000 4214611.700000 56
483623.000000 4214594.000000 56
483596.400000 4214460.700000 56
483553.200000 4214316.500000 56
483463.300000 4214154.500000 56
483406.000000 4214030.200000 56
483399.800000 4214017.100000 56
483399.600000 4213885.000000 56
483421.200000 4213758.400000 56
483362.200000 4213595.600000 56
483354.300000 4213585.500000 56
482433.000000 4215381.600000 57
482551.800000 4215581.100000 57
482672.400000 4215799.300000 57
482842.900000 4216002.900000 57
483009.800000 4216155.800000 57
483125.800000 4216293.100000 57
483159.200000 4216365.000000 57
483126.900000 4216396.000000 57
483102.200000 4216360.400000 57
483146.500000 4216207.100000 57
483157.000000 4216189.300000 57
483288.700000 4216281.300000 57
483495.400000 4216206.400000 57
483551.800000 4216332.900000 57
483612.800000 4216553.700000 57
483679.600000 4216680.100000 57
483896.900000 4216631.900000 57
483915.900000 4216513.300000 57
484064.000000 4216429.600000 57
484401.400000 4216233.900000 57
484399.600000 4216162.800000 57
484381.800000 4216047.200000 57
484479.200000 4216050.400000 57
484411.200000 4215864.300000 57
484399.600000 4215720.000000 57
484401.200000 4215680.200000 57
484327.400000 4215586.000000 57
484158.100000 4215558.400000 57
484025.300000 4215391.000000 57
483966.300000 4215048.300000 57
484015.300000 4214552.200000 57
484111.200000 4214207.900000 57
484111.200000 4214201.100000 57
484165.100000 4213952.500000 57
484158.000000 4213790.000000 57
484126.600000 4213421.800000 57
483266.800000 4213435.000000 58
483263.400000 4213461.600000 58
483313.600000 4213560.200000 58
483340.000000 4213622.300000 58
483354.300000 4213776.400000 58
483333.500000 4213907.200000 58
483433.100000 4214162.200000 58
483555.600000 4214443.900000 58
483689.600000 4214776.300000 58
483761.500000 4215176.500000 58
483814.300000 4215261.900000 58
483948.800000 4215420.400000 58
484064.000000 4215566.600000 58
484196.700000 4215716.200000 58
484311.200000 4215950.000000 58
484449.700000 4216403.500000 58
484630.000000 4216685.100000 58
484910.200000 4216961.800000 58
484836.100000 4216890.400000 59
484562.000000 4216598.000000 59
484487.200000 4216478.300000 59
484468.700000 4216428.400000 59
484426.200000 4216246.500000 59
484379.100000 4216264.000000 59
484358.000000 4216292.800000 59
484274.800000 4216292.900000 59
484399.100000 4216228.400000 59
484407.800000 4216228.400000 59
484374.200000 4216069.700000 59
484455.700000 4216021.700000 59
484489.000000 4216008.500000 59
484396.600000 4215888.900000 59
484397.100000 4215742.500000 59
484317.900000 4215586.000000 59
484132.000000 4215535.200000 59
484013.300000 4215416.900000 59
484014.200000 4215416.900000 59
483981.600000 4215345.000000 59
483919.200000 4215261.700000 59
483962.600000 4215064.000000 59
483962.600000 4215059.700000 59
483956.100000 4214876.500000 59
483990.900000 4214708.000000 59
484023.000000 4214554.700000 59
484065.700000 4214381.500000 59
484090.100000 4214290.400000 59
484098.700000 4214258.200000 59
484120.500000 4214174.800000 59
484150.000000 4214066.000000 59
484163.100000 4213997.000000 59
484164.700000 4213920.400000 59
484152.000000 4213690.600000 59
484137.400000 4213418.900000 59
484137.100000 4213433.700000 60
484165.900000 4213772.200000 60
484167.100000 4213955.500000 60
484127.100000 4214132.100000 60
484114.000000 4214179.900000 60
484034.700000 4214471.700000 60
484013.000000 4214558.100000 60
483941.700000 4214903.200000 60
483952.600000 4215061.900000 60
483970.200000 4215111.800000 60
484045.100000 4215220.400000 60
484130.400000 4215342.200000 60
484041.100000 4215413.400000 60
484081.500000 4215472.200000 60
484217.700000 4215575.200000 60
484407.100000 4215602.800000 60
484514.600000 4215835.800000 60
484516.600000 4216045.300000 60
484499.300000 4216150.700000 60
484504.500000 4216165.100000 60
484509.700000 4216182.900000 60
484545.900000 4216336.900000 60
484628.600000 4216452.300000 60
484766.800000 4216325.500000 60
484787.000000 4216275.500000 60
484780.800000 4216304.300000 60
484615.400000 4216464.100000 60
484534.900000 4216503.200000 60
484531.400000 4216508.700000 60
484488.400000 4216498.700000 60
484434.400000 4216279.100000 60
484368.000000 4216339.300000 60
484117.600000 4216499.400000 60
484076.200000 4216358.500000 60
484004.300000 4216355.300000 60
483926.300000 4216421.900000 60
483973.200000 4216623.700000 60
483990.900000 4216693.500000 60
484028.700000 4216813.200000 60
484171.700000 4216802.700000 60
484233.000000 4216769.200000 60
484284.800000 4216823.300000 60
484446.700000 4216677.800000 60
484526.400000 4216613.300000 60
484649.300000 4216728.600000 60
484904.800000 4216973.200000 61
484615.800000 4216674.100000 61
484526.100000 4216570.100000 61
484470.700000 4216413.600000 61
484333.000000 4215958.900000 61
484212.400000 4215714.900000 61
484165.000000 4215667.200000 61
484048.200000 4215525.200000 61
483967.400000 4215445.300000 61
483914.600000 4215406.500000 61
483868.800000 4215338.900000 61
483828.400000 4215262.300000 61
483774.300000 4214976.300000 61
483638.700000 4214654.900000 61
483577.600000 4214407.400000 61
483490.400000 4214209.900000 61
483386.300000 4213959.600000 61
483395.900000 4213877.400000 61
483392.700000 4213636.600000 61
483310.800000 4213504.700000 61
484116.500000 4213409.200000 62
484141.800000 4213757.500000 62
484148.100000 4213845.100000 62
484147.300000 4213853.900000 62
484146.500000 4213878.500000 62
483906.200000 4213902.200000 62
483750.100000 4213916.900000 62
483689.600000 4213924.700000 62
483674.700000 4213932.300000 62
483673.900000 4213933.600000 62
483616.800000 4213937.900000 62
483598.400000 4213943.500000 62
483579.200000 4213946.900000 62
483534.500000 4213953.800000 62
483497.800000 4213960.600000 62
483480.200000 4213959.400000 62
483454.800000 4213963.700000 62
483436.400000 4213963.700000 62
483395.200000 4213965.100000 62
483392.500000 4213965.100000 62
483360.100000 4213968.500000 62
483291.700000 4213972.900000 62
483052.300000 4213992.400000 62
482967.200000 4213987.100000 62
482965.400000 4213940.500000 62
482968.000000 4213930.400000 62
482964.500000 4213896.100000 62
482740.000000 4213922.000000 62
482494.300000 4215490.700000 63
482618.400000 4215720.200000 63
482661.500000 4215794.600000 63
482814.400000 4215979.700000 63
482962.000000 4216102.600000 63
483049.100000 4216216.700000 63
483136.900000 4216343.000000 63
483121.300000 4216394.300000 63
483093.200000 4216379.900000 63
483138.500000 4216204.600000 63
483159.500000 4216177.900000 63
483118.800000 4215992.600000 63
483103.100000 4215576.600000 63
483122.100000 4215450.000000 63
483134.000000 4215328.900000 63
483147.100000 4215278.900000 63
483350.600000 4215314.100000 63
483588.400000 4215370.300000 63
483587.400000 4215269.100000 63
483718.700000 4215221.100000 63
483768.700000 4215208.700000 63
483909.800000 4215146.200000 63
483929.700000 4215016.200000 63
483993.800000 4214604.300000 63
484100.100000 4214175.700000 63
484140.900000 4213983.500000 63
484145.200000 4213958.900000 63
484144.900000 4213822.600000 63
484141.100000 4213676.200000 63
484149.400000 4213547.500000 64
484162.900000 4213726.100000 64
484171.100000 4213853.500000 64
484171.900000 4213854.700000 64
484045.700000 4213892.700000 64
484018.400000 4213900.300000 64
483977.300000 4213900.400000 64
483677.400000 4213928.900000 64
483403.700000 4213954.900000 64
483397.500000 4213956.200000 64
483374.700000 4213916.400000 64
483394.700000 4213813.100000 64
483351.300000 4213597.800000 64
484145.300000 4213624.100000 65
484156.200000 4213786.200000 65
484159.200000 4213960.600000 65
484108.800000 4214185.900000 65
484092.200000 4214269.300000 65
483986.000000 4214706.700000 65
483966.600000 4215106.300000 65
484089.700000 4215277.100000 65
484078.500000 4215379.100000 65
483983.100000 4215448.300000 65
483886.700000 4215510.700000 65
483765.400000 4215402.100000 65
483639.100000 4215381.200000 65
483397.900000 4215378.300000 65
483274.500000 4215491.600000 65
483135.200000 4215587.100000 65
483022.200000 4215625.000000 65
482680.400000 4215729.800000 65
482573.500000 4215764.300000 65
482789.200000 4216646.400000 66
483132.400000 4216817.500000 66
483373.300000 4216692.600000 66
483462.100000 4216790.200000 66
483618.200000 4216830.900000 66
483698.800000 4216811.700000 66
483973.100000 4216727.800000 66
484065.700000 4216554.500000 66
484062.800000 4216427.900000 66
484329.900000 4216259.800000 66
484359.600000 4216242.000000 66
484359.600000 4216242.000000 66
484418.300000 4216237.600000 66
484457.300000 4216401.800000 66
484505.700000 4216541.400000 66
484744.700000 4216813.900000 66
484722.200000 4216802.500000 67
484500.800000 4216546.500000 67
484488.600000 4216508.800000 67
484397.600000 4216148.400000 67
484501.700000 4216003.000000 67
484398.900000 4215871.100000 67
484401.900000 4215621.400000 67
484207.200000 4215584.100000 67
484059.600000 4215450.200000 67
483959.300000 4215308.200000 67
483914.500000 4215250.700000 67
483947.100000 4214924.300000 67
484031.400000 4214493.700000 67
484097.500000 4214230.700000 67
484132.400000 4214102.000000 67
484161.000000 4213923.300000 67
484164.400000 4213895.400000 67
484131.200000 4213495.100000 67
483287.100000 4213448.500000 68
483403.400000 4213706.800000 68
483390.400000 4213825.400000 68
483381.800000 4213866.500000 68
483413.900000 4214090.700000 68
483567.100000 4214433.300000 68
483675.600000 4214745.800000 68
483751.700000 4215058.500000 68
483805.600000 4215243.700000 68
483868.000000 4215353.700000 68
484000.800000 4215488.900000 68
484053.600000 4215560.700000 68
484209.900000 4215725.900000 68
484299.800000 4215905.600000 68
484440.100000 4216350.200000 68
484602.900000 4216664.800000 68
484603.700000 4216666.100000 69
484413.100000 4216493.300000 69
484139.000000 4216654.700000 69
483778.000000 4216797.600000 69
483710.700000 4216904.400000 69
483443.000000 4216766.100000 69
483240.700000 4216464.700000 69
483218.600000 4216373.800000 69
483190.300000 4216250.600000 69
483190.300000 4216249.400000 69
483130.900000 4215946.400000 69
483110.000000 4215607.900000 69
483155.800000 4215270.400000 69
483155.000000 4215267.100000 69
483238.500000 4214991.800000 69
483123.000000 4214694.500000 69
482950.400000 4214379.900000 69
482957.000000 4214167.000000 69
482749.100000 4214168.700000 69
482596.600000 4214199.100000 69
482559.800000 4214212.300000 69
482455.400000 4214212.500000 69
484147.400000 4213633.000000 70
484158.200000 4213775.200000 70
484166.300000 4213916.100000 70
484102.800000 4214221.400000 70
484015.800000 4214561.000000 70
483943.800000 4214919.700000 70
483916.900000 4215119.500000 70
483786.500000 4215221.800000 70
483800.600000 4215249.700000 70
483811.100000 4215268.700000 70
483812.800000 4215270.000000 70
483829.600000 4215303.400000 70
483820.900000 4215319.100000 70
483762.300000 4215348.000000 70
483643.900000 4215378.200000 70
483445.700000 4215337.600000 70
483289.100000 4215480.100000 70
483276.900000 4215492.400000 70
483142.900000 4215590.500000 70
482953.700000 4215659.800000 70
482677.600000 4215746.800000 70
482551.400000 4215789.400000 70
482567.600000 4216537.600000 71
482938.900000 4216721.000000 71
483197.700000 4216793.700000 71
483380.800000 4216690.000000 71
483482.700000 4216814.300000 71
483739.600000 4216803.600000 71
484002.500000 4216713.300000 71
484293.300000 4216550.700000 71
484383.500000 4216497.200000 71
484418.600000 4216478.100000 71
484419.400000 4216478.100000 71
484456.200000 4216458.900000 71
484456.200000 4216457.700000 71
484488.700000 4216493.200000 71
484626.700000 4216680.400000 71
484806.900000 4216892.500000 72
484542.400000 4216607.800000 72
484431.300000 4216279.500000 72
484375.700000 4216062.100000 72
484521.100000 4216001.700000 72
484406.800000 4215887.600000 72
484406.300000 4215653.600000 72
484284.300000 4215593.700000 72
484119.200000 4215517.400000 72
484023.500000 4215402.000000 72
483932.900000 4215268.900000 72
483959.900000 4215113.500000 72
483981.900000 4214739.700000 72
484074.900000 4214322.200000 72
484143.700000 4214061.300000 72
484159.900000 4213810.700000 72
484156.300000 4213756.600000 72
484151.500000 4213713.400000 73
484161.400000 4213798.900000 73
484145.300000 4214096.500000 73
484050.400000 4214455.200000 73
483957.400000 4214890.400000 73
483924.900000 4215258.700000 73
483887.300000 4215294.400000 73
483883.000000 4215296.500000 73
483863.800000 4215346.500000 73
483986.000000 4215463.900000 73
484093.300000 4215601.300000 73
484319.200000 4215938.200000 73
484437.500000 4216307.400000 73
484538.000000 4216584.500000 73
484697.100000 4216758.600000 73
483310.100000 4216948.400000 74
482781.800000 4216684.100000 74
483289.000000 4213461.600000 75
483310.200000 4213518.300000 75
483363.100000 4213622.300000 75
483369.700000 4213863.100000 75
483365.400000 4213887.700000 75
483355.900000 4213949.900000 75
483409.700000 4214121.600000 75
483507.500000 4214298.800000 75
483610.700000 4214654.500000 75
483743.900000 4215007.300000 75
483784.600000 4215215.900000 75
483815.500000 4215278.000000 75
483824.200000 4215290.300000 75
483964.900000 4215449.600000 75
484072.200000 4215592.400000 75
484225.100000 4215789.800000 75
484383.700000 4216139.100000 75
484436.800000 4216364.200000 75
484491.400000 4216531.700000 75
484665.400000 4216729.000000 75
484918.400000 4216969.400000 75
484763.800000 4216832.900000 76
484514.200000 4216553.600000 76
484436.600000 4216277.400000 76
484403.300000 4216259.700000 76
484391.800000 4216263.100000 76
484301.600000 4216331.000000 76
484361.100000 4216233.100000 76
484400.600000 4216233.000000 76
484360.000000 4216076.500000 76
484434.500000 4216031.900000 76
484468.600000 4216028.500000 76
484390.200000 4215901.200000 76
484387.100000 4215660.400000 76
484260.700000 4215608.600000 76
484107.000000 4215528.900000 76
484014.700000 4215434.600000 76
483947.900000 4215298.500000 76
483922.400000 4215258.800000 76
483957.900000 4215021.200000 76
483964.000000 4215006.800000 76
483959.400000 4214889.200000 76
483995.900000 4214705.800000 76
483993.200000 4214705.800000 76
484030.500000 4214511.500000 76
484099.200000 4214236.200000 76
484100.000000 4214235.000000 76
484164.400000 4213947.500000 76
484171.300000 4213909.800000 76
484142.500000 4213522.500000 76
484151.000000 4213667.300000 77
484171.600000 4213891.600000 77
484145.700000 4214068.100000 77
484078.600000 4214326.900000 77
484022.000000 4214545.400000 77
483987.200000 4214724.100000 77
483980.100000 4215111.300000 77
483988.800000 4215127.000000 77
484082.100000 4215256.700000 77
484109.500000 4215357.900000 77
484042.100000 4215422.300000 77
484204.600000 4215563.000000 77
484429.200000 4215637.000000 77
484544.600000 4215914.000000 77
484503.900000 4216113.900000 77
484509.200000 4216170.600000 77
484535.600000 4216272.600000 77
484614.000000 4216418.900000 77
484744.500000 4216378.800000 77
484774.100000 4216278.900000 77
484779.300000 4216271.300000 77
484641.100000 4216437.000000 77
484573.600000 4216465.100000 77
484574.400000 4216468.400000 77
484561.300000 4216481.600000 77
484557.800000 4216487.100000 77
484514.000000 4216513.900000 77
484506.100000 4216510.500000 77
484488.500000 4216491.500000 77
484470.000000 4216423.800000 77
484379.400000 4216281.700000 77
484273.600000 4216379.700000 77
484196.600000 4216449.700000 77
484082.500000 4216411.000000 77
484045.500000 4216317.900000 77
483975.500000 4216333.700000 77
483948.600000 4216530.200000 77
483993.500000 4216685.400000 77
484000.600000 4216706.600000 77
484124.400000 4216792.700000 77
484233.800000 4216738.300000 77
484260.200000 4216792.400000 77
484364.400000 4216736.800000 77
484543.100000 4216623.400000 77
484555.300000 4216622.100000 77
484765.300000 4216851.600000 77
484709.700000 4216804.300000 78
484498.800000 4216554.900000 78
484444.200000 4216380.700000 78
484320.600000 4215953.800000 78
484067.300000 4215579.300000 78
483934.600000 4215433.100000 78
483851.900000 4215333.400000 78
483755.000000 4215103.700000 78
483607.500000 4214643.500000 78
483599.600000 4214608.000000 78
483596.000000 4214565.700000 78
483583.700000 4214510.300000 78
483578.400000 4214482.300000 78
483572.200000 4214448.100000 78
483462.100000 4214210.800000 78
483372.300000 4214027.700000 78
483373.600000 4213880.000000 78
483351.200000 4213613.800000 78
483296.200000 4213419.200000 79
483287.600000 4213429.400000 79
483319.400000 4213534.800000 79
483366.100000 4213625.700000 79
483358.700000 4213867.400000 79
483351.800000 4213902.900000 79
483431.200000 4214153.300000 79
483540.500000 4214412.600000 79
483677.200000 4214753.900000 79
483734.900000 4215108.900000 79
483793.000000 4215238.700000 79
483894.200000 4215395.900000 79
483900.400000 4215424.700000 79
483960.300000 4215513.500000 79
484172.900000 4215684.100000 79
484341.000000 4216041.000000 79
484417.800000 4216347.300000 79
484485.800000 4216543.500000 79
484724.800000 4216809.300000 79
484738.800000 4216820.300000 80
484645.600000 4216716.300000 80
484570.900000 4216625.500000 80
484553.300000 4216605.600000 80
484534.800000 4216550.200000 80
484533.700000 4216434.700000 80
484499.500000 4216378.000000 80
484414.200000 4216260.500000 80
484395.800000 4216253.300000 80
484303.700000 4216323.400000 80
484409.700000 4216269.000000 80
484364.800000 4216176.800000 80
484487.300000 4216032.200000 80
484531.900000 4216001.200000 80
484418.500000 4215835.100000 80
484414.600000 4215597.700000 80
484167.300000 4215555.800000 80
484142.700000 4215533.900000 80
483981.900000 4215318.700000 80
483946.600000 4215262.100000 80
483976.900000 4215023.300000 80
483969.900000 4215016.600000 80
483968.200000 4215018.700000 80
483992.300000 4214734.600000 80
483995.700000 4214706.700000 80
484020.100000 4214576.700000 80
484114.800000 4214189.200000 80
484157.500000 4214028.300000 80
484166.000000 4213916.100000 80
484139.000000 4213552.200000 80
484150.900000 4213640.600000 81
484155.400000 4213719.300000 81
484169.800000 4213897.900000 81
484154.300000 4213999.100000 81
484111.600000 4214181.200000 81
484031.600000 4214505.100000 81
484014.200000 4214570.800000 81
483953.600000 4214961.600000 81
483964.300000 4215090.200000 81
484018.900000 4215168.800000 81
484119.200000 4215318.500000 81
484041.200000 4215389.700000 81
484075.500000 4215459.500000 81
484266.800000 4215569.200000 81
484437.900000 4215649.700000 81
484533.900000 4215887.000000 81
484510.500000 4216087.600000 81
484509.000000 4216173.100000 81
484541.700000 4216317.400000 81
484606.800000 4216437.100000 81
484742.700000 4216389.000000 81
484775.000000 4216287.800000 81
484789.800000 4216266.600000 81
484739.200000 4216406.300000 81
484538.500000 4216475.700000 81
484540.200000 4216479.100000 81
484527.000000 4216495.600000 81
484526.200000 4216497.700000 81
484491.000000 4216482.100000 81
484413.500000 4216251.600000 81
484299.700000 4216375.000000 81
484120.900000 4216467.600000 81
484092.600000 4216363.600000 81
484010.900000 4216337.000000 81
483942.700000 4216449.300000 81
483998.400000 4216681.200000 81
484000.100000 4216718.000000 81
484147.600000 4216805.300000 81
484231.700000 4216762.800000 81
484286.100000 4216825.800000 81
484462.900000 4216671.400000 81
484532.100000 4216615.800000 81
484558.400000 4216628.000000 81
484846.500000 4216927.200000 81
484794.600000 4216860.800000 82
484566.200000 4216616.200000 82
484506.300000 4216521.100000 82
484447.200000 4216307.000000 82
484344.100000 4215976.600000 82
484262.100000 4215803.700000 82
484116.200000 4215622.000000 82
483936.100000 4215432.700000 82
483864.000000 4215330.800000 82
483824.300000 4215236.500000 82
483780.900000 4215027.900000 82
483610.100000 4214671.000000 82
483580.000000 4214537.800000 82
483569.400000 4214470.100000 82
483569.200000 4214404.500000 82
483547.200000 4214322.400000 82
483438.000000 4214111.800000 82
483388.400000 4213928.700000 82
483405.800000 4213838.900000 82
483428.400000 4213756.700000 82
483411.500000 4213680.200000 82
483401.000000 4213664.500000 82
483356.200000 4213598.200000 82
483310.300000 4213506.000000 82
483306.600000 4213422.600000 82
483454.700000 4213445.200000 83
483519.100000 4213582.600000 83
483657.600000 4213570.100000 83
483887.600000 4213641.600000 83
483998.400000 4213782.300000 83
484112.500000 4213779.900000 83
484134.400000 4213773.100000 83
484115.400000 4213448.100000 83
484125.500000 4213403.600000 84
484149.000000 4213758.700000 84
484156.200000 4213858.600000 84
484159.700000 4213873.000000 84
484135.100000 4213886.100000 84
483444.200000 4213959.500000 84
483013.700000 4213988.300000 84
482985.600000 4213989.600000 84
482977.700000 4213988.300000 84
482973.300000 4213963.800000 84
482974.900000 4213935.900000 84
482960.800000 4213894.800000 84
482938.900000 4213892.800000 84
482677.400000 4213805.700000 84
482673.700000 4213753.600000 84
482669.800000 4213529.300000 84
482794.500000 4213590.000000 85
482789.500000 4213662.000000 85
482801.300000 4213868.500000 85
482797.000000 4213895.200000 85
482685.600000 4213911.100000 85
482487.900000 4215476.300000 86
482604.900000 4215691.500000 86
482728.100000 4215896.500000 86
482938.000000 4216056.900000 86
483054.100000 4216224.300000 86
483144.700000 4216350.600000 86
483142.100000 4216393.000000 86
483125.400000 4216412.000000 86
483109.400000 4216308.000000 86
483150.400000 4216197.800000 86
483160.900000 4216192.300000 86
483316.000000 4216161.900000 86
483463.000000 4215990.600000 86
483447.100000 4215875.100000 86
483584.600000 4215801.600000 86
483664.500000 4215887.800000 86
483768.300000 4216025.200000 86
483933.900000 4215944.800000 86
484026.800000 4215889.200000 86
484056.700000 4215941.200000 86
483889.500000 4216050.300000 86
483882.900000 4216289.000000 86
483975.400000 4216462.000000 86
484210.100000 4216330.700000 86
484401.100000 4216238.100000 86
484393.000000 4216145.800000 86
484448.000000 4216034.800000 86
484496.200000 4216013.600000 86
484391.500000 4215878.300000 86
484388.500000 4215674.300000 86
484252.400000 4215604.800000 86
484077.700000 4215487.400000 86
483980.900000 4215364.500000 86
483920.200000 4215268.100000 86
483953.700000 4214960.700000 86
484029.900000 4214503.400000 86
484109.200000 4214202.800000 86
484157.700000 4213893.300000 86
484150.500000 4213804.400000 86
484127.900000 4213445.100000 86
483683.800000 4216904.400000 87
483402.800000 4216714.100000 87
483223.200000 4216416.900000 87
483180.700000 4216243.900000 87
483144.500000 4216094.100000 87
483114.300000 4215908.800000 87
483109.100000 4215490.600000 87
483155.800000 4215164.200000 87
483180.400000 4214796.800000 87
482937.700000 4214481.100000 87
482961.500000 4214060.300000 87
483064.600000 4213868.000000 87
483041.500000 4213709.300000 87
482965.600000 4213486.400000 87
483290.200000 4213481.100000 88
483285.000000 4213481.100000 88
483333.400000 4213572.000000 88
483366.800000 4213636.200000 88
483362.000000 4213859.300000 88
483446.000000 4214185.500000 88
483549.000000 4214418.500000 88
483654.000000 4214727.700000 88
483738.800000 4215064.800000 88
483782.100000 4215214.600000 88
483804.900000 4215252.200000 88
483897.400000 4215387.500000 88
484011.700000 4215513.800000 88
484079.400000 4215601.300000 88
484146.100000 4215665.500000 88
484338.800000 4216015.600000 88
484455.300000 4216432.700000 88
484665.400000 4216732.800000 88
484948.200000 4216997.700000 88
484785.900000 4216842.200000 89
484600.500000 4216648.300000 89
484591.800000 4216638.100000 89
484491.500000 4216491.900000 89
484487.200000 4216485.100000 89
484442.200000 4216299.000000 89
484407.000000 4216270.300000 89
484378.200000 4216258.500000 89
484365.100000 4216303.800000 89
484264.300000 4216317.100000 89
484417.600000 4216232.600000 89
484395.600000 4216166.200000 89
484453.200000 4216023.800000 89
484494.300000 4216004.700000 89
484394.000000 4215877.500000 89
484398.800000 4215668.000000 89
484295.100000 4215582.700000 89
484134.600000 4215528.800000 89
484023.000000 4215413.500000 89
483937.600000 4215265.900000 89
483966.100000 4215068.200000 89
483966.100000 4215058.000000 89
483964.400000 4215011.500000 89
483993.500000 4214705.000000 89
484021.400000 4214601.700000 89
484113.700000 4214205.300000 89
484113.700000 4214205.300000 89
484164.100000 4213957.600000 89
484166.400000 4213802.300000 89
484148.200000 4213456.100000 89
484153.500000 4213694.400000 90
484166.000000 4213812.000000 90
484151.600000 4214076.100000 90
484120.200000 4214179.500000 90
484094.100000 4214270.500000 90
484023.500000 4214549.200000 90
484007.900000 4214621.200000 90
483954.400000 4215027.200000 90
483975.600000 4215113.500000 90
484026.600000 4215199.700000 90
484126.900000 4215339.200000 90
484038.400000 4215411.300000 90
484034.900000 4215412.600000 90
484039.300000 4215434.600000 90
484166.700000 4215565.100000 90
484386.000000 4215594.800000 90
484488.900000 4215793.100000 90
484529.600000 4216008.400000 90
484493.900000 4216135.900000 90
484524.800000 4216240.000000 90
484589.200000 4216399.400000 90
484721.600000 4216389.000000 90
484765.200000 4216278.900000 90
484784.400000 4216242.000000 90
484726.800000 4216400.900000 90
484518.300000 4216483.400000 90
484513.900000 4216488.900000 90
484499.100000 4216503.300000 90
484499.900000 4216507.500000 90
484485.800000 4216479.600000 90
484451.500000 4216343.400000 90
484374.300000 4216293.600000 90
484103.700000 4216465.100000 90
484063.900000 4216327.600000 90
483973.700000 4216351.100000 90
483944.200000 4216505.200000 90
483993.800000 4216705.700000 90
483993.800000 4216707.900000 90
484041.300000 4216838.500000 90
484185.100000 4216800.600000 90
484238.500000 4216771.700000 90
484257.800000 4216780.600000 90
484353.300000 4216784.600000 90
484446.100000 4216698.100000 90
484544.100000 4216617.900000 90
484785.700000 4216872.700000 90
484870.800000 4216940.300000 91
484750.500000 4216816.000000 91
484545.700000 4216593.400000 91
484501.000000 4216518.100000 91
484436.400000 4216273.200000 91
484336.900000 4215971.600000 91
484160.900000 4213769.700000 92
484118.900000 4213881.900000 92
484083.000000 4213886.200000 92
483868.100000 4213937.900000 92
483547.100000 4213940.600000 92
483410.300000 4213957.400000 92
483408.600000 4213957.400000 92
483355.100000 4213961.700000 92
483095.500000 4213987.700000 92
482989.400000 4213992.100000 92
482974.500000 4213954.500000 92
482977.900000 4213931.200000 92
482909.400000 4213905.900000 92
482720.100000 4213915.200000 92
482412.600000 4215322.800000 93
482549.000000 4215523.100000 93
482667.900000 4215756.900000 93
482806.000000 4215951.800000 93
482999.200000 4216152.000000 93
483102.000000 4216285.100000 93
483133.000000 4216395.100000 93
483121.700000 4216406.100000 93
483114.500000 4216309.600000 93
483149.300000 4216193.200000 93
483158.000000 4216191.900000 93
483121.600000 4215938.800000 93
483083.400000 4215678.200000 93
483113.600000 4215394.100000 93
483132.700000 4215317.500000 93
483297.600000 4215307.000000 93
483603.000000 4215409.600000 93
483585.200000 4215302.200000 93
483721.100000 4215252.000000 93
483778.900000 4215223.100000 93
483918.300000 4215156.300000 93
483940.900000 4215084.300000 93
483992.700000 4214620.300000 93
484071.000000 4214296.400000 93
484083.200000 4214262.100000 93
484140.600000 4214025.800000 93
484150.200000 4213953.800000 93
484155.100000 4213842.900000 93
484157.700000 4213789.600000 93
481932.700000 4216226.600000 94
482483.100000 4216514.100000 94
483104.500000 4216824.800000 94
483368.300000 4216970.200000 95
483237.600000 4216907.400000 95
483041.100000 4216810.100000 95
482927.900000 4216753.600000 95
482884.000000 4216730.400000 95
482763.800000 4216670.600000 95
482686.700000 4216637.300000 95
482624.400000 4216607.400000 95
482517.300000 4216554.300000 95
482401.400000 4216497.800000 95
482476.300000 4216559.400000 96
482775.000000 4216416.600000 96
482891.000000 4216558.500000 96
483114.900000 4216435.800000 96
483184.100000 4216398.800000 96
483189.100000 4216320.100000 96
483354.800000 4216294.300000 96
483470.400000 4216229.800000 96
483474.700000 4216223.000000 96
483523.700000 4216159.800000 96
483539.400000 4216125.500000 96
483645.000000 4215923.400000 96
483591.200000 4215789.300000 96
483465.700000 4215756.100000 96
483216.800000 4215793.500000 96
483226.200000 4215662.700000 96
483227.600000 4215548.400000 96
483225.000000 4215544.200000 96
483145.300000 4215586.600000 96
483139.100000 4215590.000000 96
483071.600000 4215611.300000 96
482833.200000 4215674.900000 96
482824.100000 4215480.600000 96
482893.100000 4215373.800000 96
482915.000000 4215370.400000 96
482952.600000 4215370.300000 96
483114.900000 4215385.700000 96
483143.600000 4215253.500000 96
483163.600000 4215153.600000 96
483244.800000 4214952.800000 96
483128.600000 4214741.000000 96
483019.500000 4214540.600000 96
482964.000000 4214387.500000 96
482974.100000 4214185.600000 96
482844.200000 4214152.400000 96
482826.400000 4214054.700000 96
482824.500000 4213922.600000 96
482713.100000 4213922.900000 96
482694.900000 4214044.800000 96
482682.000000 4214189.200000 96
482512.700000 4214190.800000 96
482521.200000 4213678.600000 97
482522.800000 4213673.100000 97
482649.100000 4213659.700000 97
482656.000000 4213577.600000 97
484165.500000 4213767.100000 98
484167.500000 4213910.200000 98
484076.100000 4214318.800000 98
483962.900000 4214798.200000 98
483987.300000 4215132.100000 98
483928.900000 4215258.700000 98
483863.200000 4215293.200000 98
483861.500000 4215294.400000 98
483849.400000 4215327.900000 98
483995.200000 4215479.600000 98
484128.000000 4215640.100000 98
484319.800000 4215952.600000 98
484490.800000 4215994.600000 98
484511.100000 4216062.200000 98
484494.600000 4216144.400000 98
484522.900000 4216285.300000 98
484587.300000 4216435.000000 98
484717.000000 4216403.800000 98
484769.400000 4216286.100000 98
484795.600000 4216239.500000 98
484762.600000 4216393.600000 98
484561.100000 4216487.100000 98
484522.500000 4216502.800000 98
484489.200000 4216509.700000 98
484462.800000 4216434.400000 98
484435.400000 4216344.700000 98
484402.800000 4216272.800000 98
484392.300000 4216277.100000 98
484251.400000 4216395.800000 98
484095.500000 4216461.700000 98
484078.700000 4216417.300000 98
483996.100000 4216355.300000 98
483968.800000 4216356.600000 98
483922.500000 4216453.200000 98
483981.700000 4216697.300000 98
484039.000000 4216859.300000 98
484901.500000 4216957.100000 99
484564.200000 4216610.300000 99
484487.700000 4216478.300000 99
484424.900000 4216200.000000 99
484262.800000 4215828.600000 99
484128.300000 4215630.400000 99
484071.100000 4215553.900000 99
483933.200000 4215414.500000 99
483873.300000 4215319.400000 99
483932.900000 4215251.500000 99
483976.800000 4214864.200000 99
484076.700000 4214384.800000 99
484176.000000 4213968.600000 99
484174.800000 4213792.100000 99
484169.500000 4213735.400000 99
483290.600000 4213439.600000 100
483345.200000 4213574.900000 100
483368.100000 4213621.400000 100
483390.100000 4213689.100000 100
483386.800000 4213792.400000 100
483362.500000 4213908.000000 100
483361.600000 4213909.300000 100
483314.400000 4213962.700000 100
483080.200000 4213985.200000 100
482997.800000 4213994.200000 100
482983.700000 4213986.600000 100
482981.000000 4213952.400000 100
482927.400000 4213909.300000 100
482715.100000 4213913.100000 100
482487.900000 4215480.900000 101
482612.800000 4215712.600000 101
482737.700000 4215908.700000 101
482937.900000 4216085.700000 101
483049.600000 4216238.700000 101
483152.400000 4216380.700000 101
483162.100000 4216388.300000 101
483170.000000 4216391.600000 101
483200.600000 4216330.600000 101
483154.600000 4216130.900000 101
483096.000000 4215799.200000 101
483103.400000 4215567.300000 101
483111.200000 4215531.700000 101
483121.600000 4215460.600000 101
483125.800000 4215376.300000 101
483201.800000 4215283.900000 101
483518.600000 4215359.900000 101
483717.700000 4215361.600000 101
483766.800000 4215345.800000 101
483809.800000 4215325.800000 101
483821.100000 4215320.300000 101
483828.100000 4215303.800000 101
483802.600000 4215241.600000 101
483769.200000 4215176.100000 101
483754.000000 4215053.000000 101
483707.900000 4214811.400000 101
483583.700000 4214520.800000 101
483531.600000 4214313.500000 101
483426.800000 4214120.700000 101
483398.900000 4213802.500000 101
483292.200000 4213498.800000 101
483317.400000 4213522.900000 102
483363.200000 4213600.700000 102
483373.500000 4213904.600000 102
483478.500000 4214202.800000 102
483587.900000 4214531.000000 102
483748.200000 4214905.700000 102
483820.800000 4215255.100000 102
483829.600000 4215281.800000 102
483795.500000 4215320.800000 102
483505.400000 4215337.000000 102
483297.700000 4215455.100000 102
483105.100000 4215597.700000 102
483091.300000 4215720.900000 102
483148.200000 4216063.600000 102
483174.800000 4216205.800000 102
483204.800000 4216334.400000 102
483209.700000 4216363.200000 102
483321.600000 4216614.800000 102
483593.900000 4216864.000000 102
484812.300000 4216875.200000 103
484635.400000 4216976.700000 103
484073.300000 4216923.600000 104
484164.200000 4216811.200000 104
484231.700000 4216776.800000 104
484232.500000 4216776.800000 104
484280.800000 4216817.800000 104
484424.400000 4216718.900000 104
484530.200000 4216622.200000 104
484655.700000 4216652.000000 104
484605.400000 4216501.000000 104
484671.100000 4216459.800000 104
484776.900000 4216316.500000 104
484783.900000 4216303.400000 104
484782.200000 4216325.400000 104
484683.400000 4216445.400000 104
484535.400000 4216505.800000 104
484533.700000 4216505.800000 104
484512.700000 4216514.700000 104
484509.100000 4216513.400000 104
484488.000000 4216500.400000 104
484462.500000 4216420.400000 104
484433.300000 4216289.700000 104
484428.100000 4216269.800000 104
484427.100000 4216262.600000 104
484375.000000 4216073.100000 104
484421.400000 4216040.800000 104
484460.100000 4216025.100000 104
484462.700000 4216023.800000 104
484516.200000 4215990.300000 104
484394.000000 4215880.500000 104
484393.700000 4215720.900000 104
484390.900000 4215637.500000 104
484283.000000 4215606.800000 104
484146.100000 4215562.600000 104
484025.700000 4215435.500000 104
484023.100000 4215432.100000 104
483996.700000 4215369.900000 104
483928.000000 4215238.000000 104
483956.300000 4214884.900000 104
484048.400000 4214453.000000 104
484090.200000 4214285.400000 104
484131.100000 4214131.200000 104
484162.300000 4213913.600000 104
484163.900000 4213893.700000 104
484127.200000 4213513.300000 104
483358.800000 4213602.000000 105
483397.800000 4213740.700000 105
483371.900000 4213935.000000 105
483378.200000 4214006.100000 105
483544.700000 4214354.100000 105
483703.500000 4214789.800000 105
483744.400000 4215094.900000 105
483826.400000 4215282.200000 105
483675.700000 4215360.400000 105
483399.400000 4215361.000000 105
483194.500000 4215534.500000 105
483087.800000 4215712.000000 105
483152.600000 4216070.400000 105
483196.000000 4216261.200000 105
483216.400000 4216350.100000 105
483274.600000 4216521.800000 105
483512.900000 4216832.000000 105
484783.400000 4216858.300000 106
484622.200000 4216986.000000 106
484040.700000 4216836.400000 107
484146.600000 4216811.700000 107
484232.500000 4216773.800000 107
484267.700000 4216794.900000 107
484281.800000 4216816.900000 107
484316.900000 4216814.700000 107
484371.900000 4216739.300000 107
484371.800000 4216685.100000 107
484456.800000 4216618.500000 107
484532.300000 4216621.700000 107
484609.500000 4216680.400000 107
484685.500000 4216577.000000 107
484646.700000 4216456.000000 107
484772.700000 4216330.500000 107
484777.800000 4216299.600000 107
484777.800000 4216297.500000 107
484798.800000 4216244.100000 107
484771.800000 4216402.900000 107
484538.700000 4216503.200000 107
484136.700000 4213410.400000 108
484149.500000 4213673.200000 108
484154.800000 4213769.700000 108
484160.200000 4213847.600000 108
484133.300000 4214080.800000 108
484074.100000 4214316.300000 108
484006.200000 4214607.200000 108
483944.500000 4214879.000000 108
484006.400000 4215144.300000 108
484102.200000 4215283.800000 108
484098.000000 4215360.400000 108
484004.300000 4215421.500000 108
483988.600000 4215437.200000 108
483923.000000 4215485.200000 108
483824.800000 4215492.200000 108
483750.000000 4215379.300000 108
483653.500000 4215387.100000 108
483433.300000 4215353.300000 108
483289.700000 4215483.500000 108
483288.900000 4215483.500000 108
483278.400000 4215491.100000 108
483119.900000 4215599.000000 108
482909.600000 4215665.000000 108
482616.900000 4215756.600000 108
482440.100000 4215874.700000 108
482760.800000 4216645.200000 109
483039.900000 4216783.400000 109
483279.100000 4216749.500000 109
483372.000000 4216696.000000 109
483380.700000 4216696.000000 109
483473.900000 4216814.300000 109
483578.300000 4216835.200000 109
483738.600000 4216804.000000 109
484012.000000 4216709.100000 109
484055.500000 4216546.900000 109
484095.500000 4216404.600000 109
484336.400000 4216261.900000 109
484354.800000 4216249.600000 109
484354.800000 4216248.300000 109
484403.900000 4216235.100000 109
484400.300000 4216183.900000 109
484248.800000 4215823.600000 109
484108.100000 4215623.200000 109
484094.000000 4215607.600000 109
484044.700000 4215542.100000 109
483949.800000 4215445.800000 109
483873.400000 4215353.700000 109
483867.200000 4215348.200000 109
483862.700000 4215311.400000 109
483952.800000 4215153.700000 109
483978.300000 4214782.900000 109
484082.600000 4214327.700000 109
484096.600000 4214258.700000 109
484140.100000 4214095.600000 109
484160.100000 4213965.700000 109
484161.600000 4213895.800000 109
484129.300000 4213531.900000 109
484148.000000 4213614.800000 110
484167.900000 4213973.300000 110
484134.200000 4214158.700000 110
484048.000000 4214491.600000 110
483971.600000 4214857.800000 110
484000.200000 4215137.500000 110
484104.900000 4215296.100000 110
484068.300000 4215403.600000 110
483991.300000 4215451.600000 110
483979.100000 4215451.600000 110
483858.100000 4215521.700000 110
483766.700000 4215397.500000 110
483717.500000 4215356.500000 110
483598.200000 4215363.500000 110
483392.200000 4215379.600000 110
483294.200000 4215472.100000 110
483243.500000 4215511.100000 110
483108.700000 4215601.100000 110
483004.400000 4215632.200000 110
482707.300000 4215725.100000 110
482656.500000 4215744.300000 110
482610.900000 4215756.600000 110
482406.800000 4215868.000000 110
482543.300000 4216530.900000 111
482789.100000 4216651.500000 111
483016.400000 4216764.000000 111
483225.100000 4216784.700000 111
483381.000000 4216694.700000 111
483454.700000 4216782.100000 111
483665.200000 4216822.800000 111
483904.400000 4216761.400000 111
484099.600000 4216625.500000 111
484020.400000 4216457.200000 111
484218.300000 4216329.400000 111
484376.800000 4216238.100000 111
484379.500000 4216234.800000 111
484426.900000 4216270.200000 111
484534.500000 4216596.300000 111
484872.800000 4216947.400000 111
484768.500000 4216852.000000 112
484534.700000 4216604.000000 112
484495.100000 4216527.400000 112
484428.900000 4216260.100000 112
484389.800000 4216047.200000 112
484385.500000 4216036.200000 112
484514.300000 4215977.200000 112
484395.700000 4215863.100000 112
484400.500000 4215657.800000 112
484277.600000 4215586.100000 112
484124.900000 4215514.400000 112
484024.700000 4215397.000000 112
483941.100000 4215276.100000 112
483922.700000 4215261.700000 112
483952.300000 4215158.400000 112
483974.300000 4214810.800000 112
484016.900000 4214598.700000 112
484097.900000 4214248.900000 112
484127.400000 4214145.600000 112
484162.300000 4213992.300000 112
484165.600000 4213871.300000 112
484153.900000 4213744.700000 112
484134.200000 4213486.200000 112
483285.500000 4213405.700000 113
483342.900000 4213571.100000 113
483385.200000 4213633.200000 113
483399.500000 4213758.500000 113
483373.400000 4213862.700000 113
483365.800000 4213982.500000 113
483492.600000 4214234.000000 113
483579.100000 4214509.000000 113
483707.700000 4214798.200000 113
483747.800000 4215101.200000 113
483826.200000 4215276.300000 113
483857.900000 4215324.900000 113
483975.700000 4215445.700000 113
484100.500000 4215604.200000 113
484275.400000 4215850.200000 113
484416.400000 4216208.400000 113
484457.100000 4216394.600000 113
484497.600000 4216519.800000 113
484741.000000 4216797.900000 113
484956.500000 4216996.000000 114
484649.200000 4216713.800000 114
484508.500000 4216555.300000 114
484507.700000 4216542.200000 114
484488.400000 4216488.100000 114
484430.000000 4216247.400000 114
484426.500000 4216231.700000 114
484424.800000 4216231.700000 114
484400.900000 4216129.700000 114
484390.200000 4216040.900000 114
484516.300000 4215987.300000 114
484408.300000 4215873.200000 114
484405.300000 4215728.100000 114
484405.000000 4215596.000000 114
484406.300000 4215388.600000 114
484428.700000 4215182.000000 114
484435.300000 4214987.700000 114
484488.700000 4214893.200000 114
484521.800000 4214782.300000 114
484498.900000 4214711.200000 114
484342.700000 4214667.100000 114
484381.000000 4214491.800000 114
484345.700000 4214367.400000 114
484221.800000 4214233.500000 114
484175.300000 4214214.500000 114
484135.600000 4214113.400000 114
484166.800000 4213904.700000 114
484166.700000 4213858.100000 114
484162.300000 4213808.200000 114
484144.300000 4213618.600000 114
483481.900000 4213459.900000 115
483485.400000 4213488.700000 115
483485.400000 4213498.900000 115
483497.700000 4213539.900000 115
483593.400000 4213602.800000 115
483814.400000 4213594.700000 115
483988.300000 4213753.100000 115
484130.400000 4213770.600000 115
484140.900000 4213769.300000 115
484122.900000 4213540.800000 115
484158.300000 4213742.200000 116
484169.900000 4213867.400000 116
484171.600000 4213864.100000 116
484000.700000 4213902.100000 116
483716.500000 4213928.000000 116
483464.800000 4213953.100000 116
483429.700000 4213957.400000 116
483378.800000 4213966.400000 116
483400.100000 4214048.400000 116
483344.000000 4214118.400000 116
483339.300000 4214372.300000 116
483232.000000 4214632.000000 116
483144.500000 4214718.500000 116
482949.200000 4214453.600000 116
482963.500000 4214169.500000 116
482787.200000 4214168.600000 116
482652.200000 4214186.700000 116
482429.500000 4214206.200000 116
482498.900000 4215479.200000 117
482638.000000 4215745.200000 117
482798.800000 4215967.900000 117
483082.400000 4216150.600000 117
483150.800000 4216183.900000 117
483165.700000 4216187.200000 117
483164.900000 4216187.200000 117
483220.500000 4216381.400000 117
483314.700000 4216585.200000 117
483523.900000 4216838.700000 117
483747.400000 4216801.500000 117
483971.700000 4216724.400000 117
484128.500000 4216658.500000 117
484410.400000 4216479.300000 117
484420.100000 4216475.900000 117
484457.700000 4216451.300000 117
484459.400000 4216451.300000 117
484472.500000 4216438.200000 117
484406.300000 4216149.600000 117
484280.300000 4215862.500000 117
484260.000000 4215821.500000 117
484243.200000 4215788.100000 117
484216.800000 4215733.900000 117
484189.500000 4215695.000000 117
484142.900000 4215649.800000 117
484059.400000 4215557.700000 117
484022.500000 4215507.900000 117
483901.200000 4215389.600000 117
483863.500000 4215335.500000 117
483872.100000 4215299.900000 117
483961.900000 4215041.100000 117
484015.400000 4214612.700000 117
484104.200000 4214221.800000 117
484162.400000 4213961.000000 117
484176.400000 4213914.400000 117
484168.300000 4213811.200000 117
484145.900000 4213569.500000 117
483282.700000 4213428.200000 118
483340.900000 4213571.100000 118
483375.100000 4213634.100000 118
483391.000000 4213714.900000 118
483362.500000 4213900.400000 118
483362.500000 4213922.400000 118
483434.900000 4214156.300000 118
483571.500000 4214473.500000 118
483727.500000 4214861.700000 118
483829.300000 4215289.800000 118
483965.600000 4215452.500000 118
484001.600000 4215494.800000 118
484189.700000 4215699.700000 118
484382.400000 4216092.100000 118
484496.300000 4216521.100000 118
484740.600000 4216812.200000 118
484776.800000 4216852.400000 119
484501.900000 4216554.500000 119
484501.800000 4216546.900000 119
484482.500000 4216490.200000 119
484420.700000 4216239.800000 119
484425.000000 4216238.500000 119
484421.400000 4216218.600000 119
484295.400000 4215902.700000 119
484152.000000 4215669.700000 119
484097.500000 4215613.100000 119
484034.300000 4215534.500000 119
483878.800000 4215375.200000 119
483854.900000 4215334.200000 119
483911.900000 4215276.600000 119
483964.200000 4215112.200000 119
484086.000000 4215051.900000 119
484231.400000 4214978.400000 119
484395.200000 4214901.500000 119
484470.700000 4214943.600000 119
484518.600000 4214790.300000 119
484499.200000 4214718.400000 119
484335.200000 4214673.400000 119
484383.000000 4214468.100000 119
484275.600000 4214293.000000 119
484211.400000 4214236.400000 119
484167.600000 4214222.100000 119
484136.600000 4214094.800000 119
484163.500000 4213908.500000 119
484162.500000 4213857.300000 119
484129.300000 4213445.500000 119
483484.600000 4213502.300000 120
483555.000000 4213625.300000 120
483780.200000 4213582.500000 120
484002.400000 4213757.300000 120
484139.300000 4213772.700000 120
484129.200000 4213564.000000 120
483284.100000 4213451.400000 121
483323.800000 4213551.300000 121
483386.200000 4213645.500000 121
483386.600000 4213838.500000 121
483373.500000 4213892.700000 121
483382.500000 4214072.600000 121
483326.800000 4214313.500000 121
483272.000000 4214501.100000 121
483202.200000 4214655.400000 121
483250.900000 4214909.200000 121
483149.000000 4215205.700000 121
483144.700000 4215236.600000 121
482888.600000 4215224.900000 121
482527.300000 4215207.800000 121
482417.800000 4216480.800000 122
482881.200000 4216710.500000 122
483346.400000 4216941.500000 122
484895.000000 4216970.700000 123
484579.600000 4216648.300000 123
484501.400000 4216556.200000 123
484501.400000 4216552.000000 123
484451.000000 4216387.800000 123
484421.000000 4216239.300000 123
484421.000000 4216238.100000 123
484400.600000 4216147.100000 123
484466.100000 4216016.200000 123
484470.200000 4215927.300000 123
484407.800000 4215824.100000 123
484403.100000 4215614.600000 123
484410.600000 4215429.200000 123
484428.500000 4215184.100000 123
484439.500000 4214977.600000 123
484502.300000 4214853.000000 123
484405.800000 4214819.700000 123
484425.700000 4214692.300000 123
484350.100000 4214601.500000 123
484383.100000 4214424.000000 123
484218.800000 4214225.900000 123
484128.400000 4214204.000000 123
484151.800000 4214017.700000 123
484159.500000 4213937.700000 123
484160.200000 4213872.100000 123
484155.700000 4213804.400000 123
484147.700000 4213692.300000 123
484876.000000 4216859.800000 124
484672.200000 4216624.000000 124
484548.500000 4216565.400000 124
484483.300000 4216399.200000 124
484402.100000 4216081.100000 124
484247.300000 4215846.000000 124
484281.300000 4215788.400000 124
484245.200000 4215702.100000 124
484112.700000 4215689.300000 124
484107.400000 4215653.700000 124
484131.700000 4215479.300000 124
483981.400000 4215336.500000 124
483935.600000 4215271.000000 124
483775.600000 4215070.700000 124
483732.000000 4214761.400000 124
483601.700000 4214481.000000 124
483570.600000 4214342.200000 124
483516.000000 4214221.300000 124
483396.200000 4213950.700000 124
483424.700000 4213754.200000 124
483385.000000 4213618.800000 124
483310.000000 4213422.600000 124
484127.100000 4213465.000000 125
484163.800000 4213814.500000 125
484168.200000 4213857.700000 125
484163.100000 4213872.100000 125
483981.600000 4213900.400000 125
483797.500000 4213934.200000 125
483595.800000 4213949.000000 125
483401.100000 4213973.900000 125
483394.000000 4213967.200000 125
483340.500000 4213967.300000 125
483135.300000 4213984.200000 125
482985.200000 4213984.500000 125
482987.800000 4213957.800000 125
482994.800000 4213918.000000 125
482768.400000 4213918.500000 125
482699.700000 4213770.100000 125
482695.100000 4213660.100000 125
482694.600000 4213420.500000 125
482778.800000 4213430.500000 125
482806.400000 4213587.900000 125
482800.200000 4213594.700000 125
482801.400000 4213750.000000 125
482801.700000 4213886.300000 125
482574.500000 4213913.400000 125
482432.000000 4215394.700000 126
482548.200000 4215612.900000 126
482676.700000 4215845.800000 126
482858.500000 4216036.300000 126
482986.700000 4216159.200000 126
483081.700000 4216292.300000 126
483150.200000 4216383.200000 126
483114.300000 4216408.700000 126
483098.600000 4216421.800000 126
483101.900000 4216306.300000 126
483187.000000 4216286.200000 126
483261.100000 4216520.100000 126
483503.700000 4216831.600000 126
483719.400000 4216807.900000 126
483865.800000 4216773.300000 126
483917.400000 4216753.300000 126
484045.200000 4216695.500000 126
484250.100000 4216508.800000 126
484172.700000 4216352.400000 126
484403.900000 4216222.000000 126
484375.500000 4216054.500000 126
484454.400000 4216023.400000 126
484494.700000 4216019.900000 126
484402.300000 4215888.100000 126
484402.800000 4215714.900000 126
484284.900000 4215589.900000 126
484112.000000 4215501.300000 126
483991.600000 4215347.500000 126
483923.000000 4215242.200000 126
483953.900000 4214881.600000 126
484064.300000 4214384.400000 126
484153.200000 4214030.400000 126
484162.600000 4213918.300000 126
484157.200000 4213773.900000 126
483270.800000 4213412.500000 127
483270.000000 4213449.400000 127
483289.400000 4213514.900000 127
483314.900000 4213557.200000 127
483336.900000 4213594.000000 127
483349.700000 4213854.700000 127
483401.900000 4214107.700000 127
483503.900000 4214287.400000 127
483572.800000 4214526.800000 127
483714.600000 4214848.200000 127
483737.900000 4215081.300000 127
483795.200000 4215240.800000 127
483809.300000 4215271.700000 127
483899.100000 4215404.800000 127
483959.700000 4215452.500000 127
484060.800000 4215582.300000 127
484123.200000 4215648.600000 127
484335.300000 4216015.600000 127
484436.800000 4216391.700000 127
484741.000000 4216826.200000 127
484886.500000 4216939.000000 128
484518.400000 4216548.100000 128
484477.900000 4216446.200000 128
484406.400000 4216246.600000 128
484378.900000 4216269.900000 128
484346.500000 4216305.500000 128
484265.900000 4216282.400000 128
484401.700000 4216224.600000 128
484407.900000 4216223.300000 128
484369.000000 4216064.600000 128
484448.700000 4216014.500000 128
484450.300000 4216013.300000 128
484491.300000 4215947.600000 128
484394.500000 4215780.100000 128
484336.300000 4215571.600000 128
484145.000000 4215541.900000 128
484016.800000 4215414.800000 128
483993.000000 4215352.600000 128
483921.700000 4215258.300000 128
483960.800000 4215054.200000 128
483960.800000 4215054.200000 128
483980.400000 4214744.800000 128
483989.000000 4214702.500000 128
484004.600000 4214633.400000 128
484086.400000 4214289.200000 128
484096.900000 4214260.400000 128
484124.800000 4214142.600000 128
484153.600000 4214062.600000 128
484163.200000 4214012.600000 128
484163.000000 4213941.500000 128
484164.700000 4213921.600000 128
484141.300000 4213613.100000 128
